,Ljung,Pierce,McLeod
1,,,
2,,,
3,0.7741883596915733,0.7697769789461129,0.09621922930087498
4,0.6251527611145855,0.6105410371242312,0.24398295134047826
5,0.6521000420656999,0.632197236432253,0.35810799197492754
6,0.7860165248996877,0.7685526698780454,0.51676386826277
7,0.736207345632007,0.7088776070746554,0.5257430729606289
8,0.6334115139528642,0.5913186092100695,0.35748394987699833
9,0.567719007896716,0.5143526327014384,0.35908460430340716
10,0.5444132508159986,0.48263008527548623,0.4479947841587071
11,0.6341760373679379,0.5725331003450564,0.5421177913412765
12,0.6245664865373273,0.5541646987016674,0.5662829269514391
13,0.6475301593318359,0.5720399725654042,0.6488816531893107
14,0.7217568335291559,0.6504895278939968,0.6945041307092266
15,0.523469215436788,0.4171371518622848,0.7599147171351983
16,0.5677529861744866,0.4566523476448897,0.5363444642408166
17,0.27773775782911747,0.16805010693623584,0.606797558177143
18,0.30433038437953797,0.1845571042024359,0.6764157295179614
19,0.27520916801566697,0.15511458921887977,0.7388725529402892
20,0.29668972490414014,0.166663486600008,0.7939493832660426
21,0.3462192600003675,0.201583273549301,0.8189509956669834
22,0.4066388347610246,0.24809850681387277,0.5957018627106686
23,0.4349886914907009,0.26630244809873915,0.6305896509450173
24,0.3237659821463428,0.16124995102780706,0.6364032241482829
25,0.3766879702777182,0.19736567884792203,0.6767490707370931
26,0.3817225683445451,0.19373293404258643,0.7281018520606433
27,0.4122604095371787,0.21176412505314182,0.6101487299654698
28,0.4657862512731421,0.2516872618306434,0.6560685960580113
29,0.5202804403588102,0.29575594628117485,0.6244771973176956
30,0.5724972951809317,0.34105779989206575,0.6682127450193025
31,0.6170501883560523,0.38099695500755215,0.7101945724990812
32,0.6277437716826225,0.38069412418237875,0.7264199523844141
33,0.6662771633648104,0.41663879259319053,0.7328489585725002
34,0.6577567806136356,0.39068057904970527,0.7726783204391428
35,0.4744108994847205,0.18180789982888096,0.8022713188629926
36,0.5236535459894696,0.21501370718067628,0.8341991348409872
37,0.5332902981754297,0.2129066145872439,0.8632713845710284
38,0.5314775160235988,0.20007991438140604,0.8250702284450864
39,0.5571152495706206,0.21266628358474612,0.8362042497012173
40,0.5996290068235728,0.24338691630640474,0.8345190702799608
41,0.6405808493867947,0.2759579184560736,0.8492291776693158
42,0.6125215133591327,0.2302042712375355,0.868257347371068
43,0.6532072891185072,0.26229786037701225,0.8805186378863956
44,0.6662873947159326,0.26326843452140175,0.9008351866183872
45,0.6864219106788259,0.27332743681687144,0.9021903587347451
46,0.7159013687925352,0.2972970477181931,0.909238422126328
47,0.7517656553641091,0.33466713115410446,0.9226576524429758
48,0.7710784711715235,0.3486344751877684,0.9061379303334692
49,0.745174271916094,0.2872318240920391,0.9089256804813576
