,Ljung,Pierce,McLeod
1,0.0025714216556159963,0.0029031127748462334,0.32290779623322285
2,8.107936033606592e-05,0.00010614702314131157,0.6056204793694948
3,6.720391946007298e-05,9.238477704076664e-05,0.24540065467628702
4,0.00017091909866309623,0.00023392657225161087,0.2832847011943676
5,0.00011075255238073231,0.00016271773586075758,0.37863692619728534
6,0.0001274219567660028,0.000194441890554027,0.5037141217277659
7,5.235066546976394e-05,9.014714382201406e-05,0.31461024747420346
8,2.813721834893034e-05,5.404726208777377e-05,0.3009688501534157
9,1.6555896361712756e-05,3.549475384014508e-05,0.11626496319818874
10,3.607874302147367e-05,7.558219850845952e-05,0.16513892278672226
11,7.283701120509572e-05,0.00014949794551634372,0.12825547121891867
12,9.263132789230309e-05,0.00019642286284079832,0.09317481278216454
13,0.00017662108231178964,0.0003656806965847639,0.12724049939503568
14,0.0002785655706603792,0.0005756870117526099,0.16385276248975558
15,6.97976731387286e-05,0.00019166719919245427,0.16379196936398877
16,6.827202841150428e-05,0.00020196922872722458,0.07238959780228874
17,1.4393181767709905e-05,6.042813256146643e-05,0.08079357535150927
18,2.4797777750692425e-05,0.00010158566806325627,0.09475659042083608
19,3.1818822176415104e-05,0.00013419393813967126,0.12347110123841194
20,3.89249652338242e-05,0.0001704608934987789,0.15508654935784186
21,6.127310271048947e-05,0.0002634279489040275,0.16068555016352382
22,0.00010323476089255713,0.0004271599946181981,0.11246220252582925
23,0.00013252224886127815,0.0005601625090120917,0.14022434482285137
24,9.374052166995475e-05,0.000468771368158685,0.058335382641478445
25,0.00014793359986434146,0.0007143042246550012,0.0685613974248924
26,0.00019674565297587697,0.0009559986058859736,0.08774521087747851
27,0.00023428655134117996,0.0011783773266461318,0.03053043201252213
28,0.00030721470723135924,0.0015526826120123218,0.04031046582723703
29,0.00041319715839814266,0.0020762474185978762,0.03364319231932618
30,0.0005591182116491731,0.002778303950997199,0.04357132863458357
31,0.0006566498930931423,0.0033659355129169524,0.05517193601481881
32,0.0009622996835599011,0.004715975522766062,0.04347071821522894
33,0.0006864855105616021,0.004106415639506258,0.04909013971817033
34,0.00030850781235905694,0.0026743889499369652,0.05521596387643732
35,1.8257334282476443e-05,0.0004926200165293494,0.06515177927493424
36,1.3865700636857597e-05,0.00045829189462777344,0.07810333784868616
37,6.162532404213875e-06,0.0003090750762867656,0.09424039435980465
38,3.838265069083826e-06,0.0002580923801544568,0.03602306287707936
39,6.005164198915971e-06,0.00037339688367924855,0.04433580296319402
40,8.605657965096137e-06,0.0005108421016395701,0.043184548161886674
41,1.3064780335821912e-05,0.0007192334012889799,0.04344541789581466
42,7.8734071324986e-06,0.0006019176918154611,0.04768500025101835
43,1.0208675678324885e-05,0.0007720224888903911,0.05734720660040405
44,8.436047845019972e-06,0.0007751440269670344,0.06691329708882159
45,1.2773254248401474e-05,0.0010742327554883952,0.060613899821794784
46,1.4943022803345166e-05,0.0012963228796698774,0.06673437105259004
47,2.0107110026871673e-05,0.0016763487597801039,0.06960431503039599
48,2.8416801232550122e-05,0.0022129913423051062,0.06476264514631548
49,1.2428977902712015e-05,0.0016454277712943707,0.057495137480611545
