,Ljung,Pierce,McLeod
1,2.5465147481765136e-12,1.3637077279088991e-12,1.38242425865359e-12
2,1.739357566324335e-20,4.6544461455146326e-21,3.683931318461877e-21
3,3.95164127922407e-26,5.646397255352435e-27,2.87577698819311e-27
4,7.349283628868931e-30,6.182519776099954e-31,2.109258829029869e-31
5,2.169782665607611e-34,8.766847039026067e-36,3.303770472350555e-36
6,1.0565462526976825e-38,1.9009896296742015e-40,6.981389168399346e-41
7,7.51731011994447e-43,5.5727272701430167e-45,4.1531047447853604e-45
8,4.558290715746443e-46,1.5175707163514893e-48,1.4346030488176794e-48
9,1.0362421428767993e-48,1.6212428173006418e-51,1.461268493200667e-51
10,9.810619251650294e-50,1.0088712275912224e-52,9.401126039391216e-53
11,1.3048467459258683e-50,8.860219321821818e-54,6.2755030250643e-54
12,1.5275557420737526e-51,6.516041883092355e-55,3.1884302486581148e-55
13,9.870190510207215e-52,3.252256230946637e-55,1.3519656865543483e-55
14,6.043585055100965e-52,1.5009033720467876e-55,4.820206194460358e-56
15,2.1100452486955598e-52,3.5416520776744366e-56,1.0378879474524934e-56
16,2.800363211248247e-52,3.9183439618553874e-56,1.080893856754148e-56
17,4.389520925599587e-52,5.238297822308605e-56,1.1726517793347089e-56
18,1.850990063406481e-51,2.278412561732183e-55,5.011795389855243e-56
19,5.3079943121630516e-51,6.252611745557973e-55,1.5966275528633104e-55
20,1.2066218412192538e-50,1.2937985593405821e-54,4.20303359665291e-55
21,3.708015191689667e-50,3.880885500714596e-54,1.37788129848454e-54
22,1.1802033557411538e-49,1.219985335515997e-53,4.33643962726939e-54
23,3.92953894276648e-49,4.074866245208793e-53,1.45872324984911e-53
24,1.1974078210664092e-48,1.2214620562140726e-52,4.592039294601439e-53
25,1.5099283975825233e-48,1.1796523325817124e-52,5.477764605845661e-53
26,8.072851039666853e-49,3.6956263954529624e-53,2.6502740445340256e-53
27,2.8824662812682973e-49,6.660260330771619e-54,6.545394641629503e-54
28,8.215813888862519e-50,8.646717212919275e-55,1.1554005322469891e-54
29,3.147473267338478e-50,1.6186336530582057e-55,2.854268911475228e-55
30,1.2712213084122015e-50,3.1657959413543087e-56,6.492321491175901e-56
31,4.32178009728822e-51,4.749417968636936e-57,1.1307581017860095e-56
32,1.3230588439101527e-51,5.96628753313382e-58,1.4702389590741466e-57
33,1.5480956571436206e-52,1.8656461055528702e-59,6.138793454431132e-59
34,9.207218312560351e-54,2.1074279190078713e-61,8.897637863136569e-61
35,1.0054945941856889e-55,1.923211419810077e-64,1.4902158482771513e-63
36,8.611137736344187e-57,3.2365856029544395e-66,3.687070225364265e-65
37,9.057126391554541e-58,6.9413820925461385e-68,1.0063819300403758e-66
38,2.198019147314023e-58,4.918892989186537e-69,7.8549477566976e-68
39,1.732879345443547e-58,1.9988577113089435e-69,3.39944962572149e-68
40,1.0357218003594771e-58,5.1923248098868886e-70,9.384806351187272e-69
41,6.409953348100547e-59,1.3855283903129015e-70,2.980831994928322e-69
42,1.99317482151909e-59,1.212362610595843e-71,3.776479677111023e-70
43,1.9697470350990845e-59,6.471426572332782e-72,2.367435414747826e-70
44,1.6441144077027408e-59,2.57884691610881e-72,1.0254050516800486e-70
45,3.8461811746632627e-59,5.475379775395914e-72,2.1863182380774165e-70
46,8.024972888012645e-59,9.618865795906683e-72,3.62822572645233e-70
47,2.050280314909394e-58,2.3770529553288193e-71,8.86480632300208e-70
48,5.812648355869985e-58,7.04925271752215e-71,2.6047927083276904e-69
49,1.22030282159573e-57,1.2480255464628926e-70,4.591031458432658e-69
