,Ljung,Pierce,McLeod
1,1.1773479144817232e-20,1.2893144030525542e-20,0.027828886926204374
2,1.5107427571159852e-26,1.7274903940332325e-26,0.030782797905026603
3,1.4391439313170287e-29,1.6966321741326795e-29,0.04133033203464361
4,8.863851151480835e-30,1.0546117571076554e-29,0.04069469396854302
5,2.0819826794168635e-31,2.5427043975049507e-31,0.028655959216539
6,7.470978326137956e-32,9.255634304413052e-32,0.05169552825032551
7,5.29502224374203e-34,6.830442630303883e-34,0.0763275178894867
8,5.501064818816039e-38,7.643282062254251e-38,0.088767699471473
9,2.0805150491013428e-41,3.1054619921697406e-41,0.08014825389413091
10,7.866097162238785e-45,1.2694952387459963e-44,0.09897189980751352
11,2.5110179019019945e-48,4.416769633883255e-48,0.14023153337491645
12,1.3939444407266477e-48,2.499506155684233e-48,0.10668960601747475
13,5.890682056939207e-51,1.1349091068552859e-50,0.08697700162547557
14,4.014444682961421e-54,8.522400735328819e-54,0.11946984178944926
15,6.984761555602681e-55,1.5382627334979443e-54,0.15748622396537698
16,4.6711628081587344e-57,1.1144011052428015e-56,0.1873548219217985
17,5.760294626348909e-59,1.4829467086961773e-58,0.040282309967298584
18,3.323591949162494e-60,9.069681468518704e-60,0.049355255798845414
19,3.356461375144464e-62,9.990327617455134e-62,0.022413519951241023
20,3.998771369429239e-62,1.2103820946498289e-61,0.029377148501971755
21,1.17795151495836e-63,3.852483079621279e-63,0.03926537227583931
22,4.642267981750922e-67,1.7706548606115352e-66,0.03954884491393997
23,6.0757121219175134e-68,2.4549111475790952e-67,0.04650639618661308
24,3.480738892613961e-72,1.7211614503134252e-71,0.03331306096574674
25,1.3409729585738577e-77,8.611740894378363e-77,0.028769356588236067
26,4.678613098895825e-78,3.1431765463970817e-77,0.038182550118207995
27,7.334705039639214e-81,5.767943946822222e-80,0.046886981501353536
28,1.1630681450433902e-83,1.076159185868595e-82,0.05885745926138713
29,7.345715692643936e-86,7.800260918918947e-85,0.06174997975817162
30,3.369598473872971e-88,4.154418602673994e-87,0.07794408410492233
31,1.9586916370462301e-88,2.5153344473855244e-87,0.09707971593788213
32,1.390442070169003e-88,1.852866491806855e-87,0.11501979277739487
33,1.847380136177919e-90,2.822014285662882e-89,0.13998124263392248
34,2.6834672493955134e-93,4.9912632205392154e-92,0.16801387105413376
35,9.51485133877691e-95,1.992487718658144e-93,0.19250283716148903
36,2.5762008189815084e-97,6.529995258624674e-96,0.17613180317864982
37,6.257998405765716e-99,1.8160117200927027e-97,0.16495564647481475
38,1.9315069542625653e-99,5.990499316998179e-98,0.14594227048662303
39,4.244384854170991e-100,1.4230153842966475e-98,0.1595986822335286
40,1.3888310127891412e-99,4.652258572532442e-98,0.17169554346155846
41,2.504830286373611e-100,9.156381036628465e-99,0.19571846161271722
42,2.9193187158344537e-100,1.1006738668497201e-98,0.18263605039687375
43,5.676430532729069e-101,2.3385772547183195e-99,0.13620573304354913
44,1.7240283255755365e-101,7.66270731936981e-100,0.14251532616755455
45,3.799665911188304e-102,1.8443339504402886e-100,0.1333496589805845
46,3.683994367401479e-102,1.8598302210273736e-100,0.0948944436040321
47,1.9529390200881304e-102,1.0478522321600175e-100,0.1088355536681965
48,2.302651116033335e-102,1.27766853615131e-100,0.12448687072696749
49,6.222437026364949e-103,3.768114507460823e-101,0.13223798211228455
