,Ljung,McLeod
1,2.4275090379215473e-20,0.027634107082651856
2,4.7449969862575484e-26,0.03663962569377051
3,4.155778456140802e-29,0.05466789902156982
4,2.5491215673369463e-29,0.05453708070052048
5,6.228893102446185e-31,0.04045474890551536
6,1.9411114819319299e-31,0.07090985138439607
7,1.4528304669221819e-33,0.1084190851904648
8,1.3890146414402091e-37,0.11928228745714928
9,5.029544311615713e-41,0.1114163882503926
10,2.7688259352030716e-44,0.13493738638541733
11,1.139591049514393e-47,0.1857275672731537
12,5.077177498896756e-48,0.15647850733912294
13,2.950194301920416e-50,0.1292624857910132
14,2.7761903787001544e-53,0.17112853719785878
15,4.428218185678843e-54,0.21977097324256614
16,2.94643635567263e-56,0.2605600563837544
17,3.6629381912506966e-58,0.06401452498809461
18,1.7819841459578266e-59,0.0759197410601762
19,2.017471042698579e-61,0.030074241822242033
20,2.336274356919508e-61,0.038789546512534724
21,6.538181828688448e-63,0.05227328132847077
22,3.9391120810859555e-66,0.05645383561627573
23,6.117890911709217e-67,0.06640888527495985
24,2.159279481952489e-71,0.05227100142935358
25,1.3297414711129763e-76,0.04709945819106215
26,5.327639271579935e-77,0.06101903068002575
27,7.0175887021994e-80,0.07543896373246875
28,1.1629411316047789e-82,0.09202530730103099
29,7.158371943260974e-85,0.09673611633822121
30,2.713047490224416e-87,0.1192851352778853
31,1.653250244485268e-87,0.144317750508014
32,1.1628014414602218e-87,0.17124549339053133
33,1.4490970407321793e-89,0.20338347082717725
34,3.12891105631843e-92,0.23874796645360957
35,1.3052334061781138e-93,0.2637636509237879
36,2.3315921434332386e-96,0.23942572324278893
37,7.476404177835374e-98,0.22470078656620351
38,2.6576032497909046e-98,0.18978364067768555
39,5.228973377841489e-99,0.20226982267843246
40,1.7076396297537795e-98,0.2121580969868134
41,3.0643424909690473e-99,0.24013395863594456
42,3.298192738071938e-99,0.2203731699314842
43,6.784982780070526e-100,0.1769215613849139
44,1.9047930215268907e-100,0.18473957657296006
45,4.008800862577729e-101,0.17189105017413733
46,4.469537716417314e-101,0.12280167859176129
47,2.641274348836243e-101,0.13922014777162295
48,2.6284928403564083e-101,0.15865205932588547
49,8.365930964703026e-102,0.17208155844367182
