,Ljung,McLeod
1,,
2,,
3,,
4,,
5,,
6,,
7,,
8,0.05872139469054516,0.02189409069972987
9,0.04850742309812801,0.027889420694577498
10,0.09350534660594455,0.05674734479655366
11,0.1700456383383335,0.10894481793318851
12,0.23299627697757733,0.07094641689132185
13,0.3342705232480874,0.10050150839396718
14,0.42216943584965355,0.1545846919478651
15,0.5292552518567387,0.2200804422595593
16,0.6068669886310174,0.2722796571252645
17,0.6967458424135881,0.2585015681525901
18,0.7586215115316421,0.30623566134477875
19,0.8097660573020701,0.26244057779520297
20,0.6704816858079132,0.3111799007991975
21,0.7254078394874124,0.3725708632222157
22,0.7694242422206511,0.2866117686441043
23,0.796289761012195,0.3503998861421169
24,0.6714323966168905,0.37531926552851186
25,0.49816522663727236,0.42072189820193373
26,0.48761694065741057,0.45805166071429404
27,0.5287048730865289,0.479511970739824
28,0.557226575032485,0.48924302884445314
29,0.5644859769308852,0.5445777964609064
30,0.6164946278265659,0.5622327988106
31,0.6181636372810901,0.6034643573500202
32,0.6189930761070155,0.658869880981189
33,0.6727681853297521,0.6598644422061059
34,0.5947333271375235,0.6985864644825213
35,0.6436492420005042,0.6290126132393495
36,0.6691212566123756,0.5003376349316699
37,0.6790141323025323,0.5146423642435642
38,0.6759225869410415,0.4931098051597803
39,0.7201360896676849,0.5201351372610289
40,0.5967424319666231,0.5649118289342454
41,0.6427120958662182,0.4582438852137519
42,0.6206642999518611,0.42329946164261756
43,0.6582427836874996,0.43882896364274554
44,0.6608811941145902,0.39294153386049174
45,0.7001878294597342,0.3949354148139479
46,0.7059058861312526,0.3165206217577587
47,0.7048270448332163,0.35058102756018145
48,0.7310995455122116,0.3923149095206364
49,0.7617765622860136,0.41446334752707165
