,Ljung,Pierce,McLeod
1,,,
2,,,
3,,,
4,,,
5,,,
6,,,
7,,,
8,,,
9,,,
10,0.015125354278500069,0.015436503831769864,0.002626369261403316
11,0.052288610440462825,0.05323450528183878,0.010816301811823468
12,0.09964024864386956,0.1013701246578629,0.008057242113740684
13,0.1753898446478685,0.1780814817295041,0.015107174217284762
14,0.2291834915115137,0.23275308926022337,0.030441865789145324
15,0.32254121922296813,0.32695389233532457,0.05401336243979827
16,0.4198786313117659,0.4248929039440192,0.07890605381248833
17,0.5270512288467841,0.5322725420647919,0.07817315869947676
18,0.6005695478635591,0.6059892643680456,0.10504560060954068
19,0.6591962975229891,0.6647562392262698,0.10314698827314413
20,0.5492954995981041,0.5573932313454937,0.13193572883222648
21,0.6297006503339049,0.6375756989804844,0.1647707406201222
22,0.6571277844831934,0.6654192385206578,0.10403406413099901
23,0.6863472741411814,0.694910977036995,0.14006892440674276
24,0.5519641426386146,0.564013305412869,0.16121915217247418
25,0.39705608655906394,0.41137347902162014,0.1913781504428633
26,0.4205535460739868,0.43569657341678547,0.21535653769984445
27,0.4798297086635648,0.4954649020787506,0.21654014614845962
28,0.4934016532986082,0.5098257195761521,0.2257166087834865
29,0.5185153035983512,0.5355442019985943,0.2691109136549138
30,0.5709490158974602,0.5879607218359755,0.2844921971992109
31,0.558271882345803,0.5765200555798206,0.3124866936594776
32,0.5783769006975332,0.5971315096257868,0.3666407548327419
33,0.6331203939386341,0.6512848456139628,0.4041366616161727
34,0.5083505954817417,0.5306097141899322,0.4518861160188737
35,0.5601920951745842,0.5823418313888598,0.42239993603984677
36,0.594738937610961,0.61690955991426,0.29837011523761203
37,0.6105020001777035,0.6331442162870382,0.31543571904968637
38,0.6331192073993626,0.6559137522158284,0.3158684316699465
39,0.6719789529042588,0.6940842568046488,0.3531740153850601
40,0.5740656406144546,0.6010250008566241,0.3959665328135265
41,0.619919266719944,0.6462081133772959,0.2940665937396138
42,0.5965260392898419,0.6247630566716911,0.2588748391632921
43,0.6381251649467071,0.665596814333472,0.25599603626766954
44,0.6512215946233304,0.679050664682938,0.23459110430226254
45,0.6952530096446475,0.7215999189855611,0.23075199515504702
46,0.7209757165472003,0.7466120961347864,0.18533503608026886
47,0.7144810479526957,0.7414858921851466,0.2134758093120485
48,0.7351060340713219,0.7615569679482893,0.2456590407825858
49,0.7675838827488983,0.7923462094478928,0.25655556956945524
