,Date,resid,estimation
0,1901-01,-0.5961038173268165,0.509007043133268
1,1901-02,-3.8674882459662565,1.6282025316805422
2,1901-03,-0.509347807080103,4.322251032886554
3,1901-04,1.5114830845523932,8.358516915447606
4,1901-05,0.4608955774203511,13.581039906450616
5,1901-06,0.9318578391608392,16.994808827505828
6,1901-07,0.4531920894872184,18.98551758793213
7,1901-08,-0.6233463683942826,18.23624959420074
8,1901-09,0.15934722221490444,14.913986111118428
9,1901-10,0.21620403860261483,9.12573144526835
10,1901-11,-1.7397821034620167,4.729782103462017
11,1901-12,0.38658146947766797,1.2037411111674936
12,1902-01,1.1196775919880544,0.08999982736678436
13,1902-02,-0.45410704405068497,1.8791070440506852
14,1902-03,0.8267705832310754,5.092584255478601
15,1902-04,2.524099640037071,8.819233693296262
16,1902-05,-4.10930836359014,14.218985782944978
17,1902-06,-0.2807554905580971,16.314088823891428
18,1902-07,1.3382610504905965,18.452061530154563
19,1902-08,-0.6975948430212056,18.39759484302121
20,1902-09,-0.6622829857268078,14.958949652393471
21,1902-10,0.553147643091159,8.817820098844326
22,1902-11,-1.156408560879062,4.859741894212395
23,1902-12,-0.13652560611300396,1.2655578641775205
24,1903-01,1.1364163971951409,-0.004158332679011778
25,1903-02,1.145275156923947,1.922581985933196
26,1903-03,0.9565357979359372,5.337012589160835
27,1903-04,-2.4930807867364426,8.959747453403113
28,1903-05,-0.13131360370828665,13.376474894030864
29,1903-06,-1.1552614448084755,16.505261444808472
30,1903-07,-0.5046767096003242,18.617579935406773
31,1903-08,0.03058380819639811,18.091996836964892
32,1903-09,0.44812561988696525,14.561874380113034
33,1903-10,1.3880667491216752,9.366771960555743
34,1903-11,0.24223419524880746,4.987765804751193
35,1903-12,-0.5582310615142168,1.3550052550626042
36,1904-01,-0.35171319273874974,0.406551902416169
37,1904-02,1.8645575315980645,1.4802700546088314
38,1904-03,-0.3816529117602649,5.242943234340911
39,1904-04,1.9495298603852615,9.120470139614737
40,1904-05,0.8686387982369077,13.8087805566018
41,1904-06,0.7165399199340765,17.07679341339926
42,1904-07,2.3178718597392898,19.507934591873614
43,1904-08,1.5845860520307224,18.48315588345315
44,1904-09,-2.344820569294101,15.64148723596077
45,1904-10,0.4501741080084896,9.336922666185059
46,1904-11,-0.5890739134775955,4.542407246810928
47,1904-12,0.0705436862861924,1.7488111524234853
48,1905-01,-2.4248605560056626,0.6474412011669528
49,1905-02,0.37101637749808014,0.996840765359063
50,1905-03,1.322476626695902,5.467845953949257
51,1905-04,0.9946902548295138,9.155309745170484
52,1905-05,-1.7261821694634774,13.855214427527995
53,1905-06,0.8872100573209494,16.939456609345715
54,1905-07,2.9220946282870464,19.06822795235811
55,1905-08,-0.17826811872796733,18.80730037679248
56,1905-09,-0.5228420552401383,15.606175388573469
57,1905-10,-3.09438187843011,9.133091555849461
58,1905-11,0.256021930030318,4.400644736636348
59,1905-12,-0.42118042943510203,1.656664300402844
60,1906-01,1.7152857804527684,0.19439163890207056
61,1906-02,-1.7467418097043834,2.2538846668472408
62,1906-03,-0.7115665361454924,5.076082665177751
63,1906-04,0.2567944309799994,8.586538902353334
64,1906-05,-0.2575733094497753,13.860799115901386
65,1906-06,0.3403444691378881,16.906322197528777
66,1906-07,0.6877139023196672,18.983253839615816
67,1906-08,1.3711560290001112,18.6062633258386
68,1906-09,-0.23421648435005354,15.297549817683384
69,1906-10,2.118788555742517,9.45540499264458
70,1906-11,0.6894264415141851,5.450573558485816
71,1906-12,-3.0421677516025807,1.8389419451509676
72,1907-01,0.03719916952854524,0.16925244337468062
73,1907-02,-2.7359771894587492,1.6859771894587494
74,1907-03,-0.6979712945176197,4.691519681614393
75,1907-04,-0.9341921093742871,8.80752544270762
76,1907-05,0.12494803512541958,13.310535835842321
77,1907-06,-0.3840808806772837,16.900747547343947
78,1907-07,-1.4023980171201316,18.986268984862072
79,1907-08,1.373627124461513,17.852179327151394
80,1907-09,0.21364333699126797,15.119689996342064
81,1907-10,0.9060770792911044,9.548761630386315
82,1907-11,1.469002922843261,4.880997077156737
83,1907-12,2.080994217392688,1.9061025568008612
84,1908-01,-2.7277867262027256,1.076173822976919
85,1908-02,0.5100453780264209,1.3554718633528893
86,1908-03,-0.5548293287352977,5.19031319970304
87,1908-04,-1.5314496042192012,8.974782937552533
88,1908-05,1.8751062980340991,13.347474347127193
89,1908-06,1.4033270965423403,17.080006236790993
90,1908-07,-0.7985404805023015,19.62112112566359
91,1908-08,-0.7404609825931112,18.188848079367308
92,1908-09,-0.48176831843835427,14.79843498510502
93,1908-10,0.16963206117671353,9.475529229145865
94,1908-11,-1.1207469281613867,4.764080261494721
95,1908-12,-0.11575354261391285,1.3383341877752037
96,1909-01,-1.7557592866969312,0.555759286696931
97,1909-02,-2.0601789479044137,1.2423218050472709
98,1909-03,-1.9505568972522747,4.718298832736146
99,1909-04,1.8828454866031092,8.410487846730224
100,1909-05,-0.29992443043856415,13.632182494954694
101,1909-06,-1.72809302405044,16.901426357383777
102,1909-07,-1.596902191456795,18.671095739843896
103,1909-08,0.437195771383051,17.47248164797178
104,1909-09,-1.2041481535094234,14.994148153509423
105,1909-10,2.061268135832502,8.954860896425558
106,1909-11,-1.0638096164710442,4.820476283137711
107,1909-12,2.8208883344814666,1.4274987622927275
108,1910-01,1.359952574625169,0.7819829092457988
109,1910-02,1.6080367681233925,1.8598203747337505
110,1910-03,-0.7295473607363432,5.842450586542794
111,1910-04,-0.2750924123325464,8.625092412332547
112,1910-05,-1.562500812719386,13.620565328848418
113,1910-06,0.6198308368796601,16.616835829787007
114,1910-07,-1.8975222791387665,18.93623195655812
115,1910-08,-0.2601873489502961,17.834380897337397
116,1910-09,-1.6697224460552977,14.9097224460553
117,1910-10,2.004070814805114,8.676574346485209
118,1910-11,-0.5427901902445436,5.216123523577876
119,1910-12,2.5765230733316353,1.3105737008619132
120,1911-01,-2.5304589122930583,0.8691685897124135
121,1911-02,1.139293433881638,1.3428494232612191
122,1911-03,0.07743573930847175,5.270951357465721
123,1911-04,-0.2502274863105226,8.71689415297719
124,1911-05,-0.05351662552550113,13.889000496493244
125,1911-06,0.1931389854546237,16.43019434787871
126,1911-07,2.6970228315536486,19.25781587812377
127,1911-08,2.884938392269539,18.66990031740788
128,1911-09,1.3090077779199285,15.654325555413406
129,1911-10,0.08605684332068103,9.968781866356737
130,1911-11,1.945433545594735,5.177899787738598
131,1911-12,1.9277812402224825,1.8044768242936466
132,1912-01,0.8576974878107733,1.5390767057376136
133,1912-02,2.8644716085352764,2.0493214949129994
134,1912-03,1.453893795099048,6.123525559739662
135,1912-04,-1.2821971413730402,9.885530474706373
136,1912-05,0.7424694119389604,13.863982200964266
137,1912-06,-0.317046974220437,17.16038030755377
138,1912-07,-1.6605919689778494,19.83801132381656
139,1912-08,-2.365114032929685,17.98769467809097
140,1912-09,-4.33458872304309,14.891255389709757
141,1912-10,-0.0020672266863852595,8.856905936363805
142,1912-11,-1.637894068487621,4.587894068487621
143,1912-12,0.40156392822600534,1.3661780072578658
144,1913-01,2.4210706721126956,0.8692519085324659
145,1913-02,-0.04266230256255027,1.867662302562551
146,1913-03,1.1777915740787699,5.931885845276069
147,1913-04,0.14943255208801604,9.20723411457865
148,1913-05,-0.5861645101673368,13.80551934887701
149,1913-06,-0.2661874320990947,17.25952076543243
150,1913-07,-2.7072329789158944,19.113684591819116
151,1913-08,-0.06707782248388594,17.71546491925808
152,1913-09,-1.1109546046017635,15.347621271268421
153,1913-10,1.3907651346253584,8.954396155697223
154,1913-11,2.4495648130695,5.327101853597167
155,1913-12,-0.3150668692655061,2.231195901523571
156,1914-01,-3.4332987538161452,0.717169721558081
157,1914-02,1.4240574989169588,1.2366567867973268
158,1914-03,0.9267608441381447,5.531303671990888
159,1914-04,1.9371790429783513,9.126154290354982
160,1914-05,-2.3097132791298245,14.493584246871762
161,1914-06,-0.46958800450208105,16.506254671168747
162,1914-07,-1.7866613461766654,19.196338765531504
163,1914-08,-0.11225453011883885,17.931609368828514
164,1914-09,-0.49623185914110174,15.0462318591411
165,1914-10,0.03240586407941287,9.283723168178653
166,1914-11,-0.5787585879966448,5.118758587996643
167,1914-12,3.367767539393054,1.2451356864133962
168,1915-01,0.46622367788503793,1.4305505156633493
169,1915-02,-0.30354607320461596,2.0285460732046157
170,1915-03,-0.818316913738544,5.457026591157899
171,1915-04,-0.6094767135753996,8.81281004690873
172,1915-05,1.9827953161278529,13.830107909678599
173,1915-06,1.5710224940071023,17.088977505992904
174,1915-07,-1.455881092191497,19.955881092191497
175,1915-08,-0.6856536634289885,18.121137534396738
176,1915-09,-1.771734306367072,15.015067639700408
177,1915-10,-1.1466255919082455,9.236948172553404
178,1915-11,-1.4833444404747038,4.7700111071413716
179,1915-12,5.212943241227547,1.019314823288581
180,1916-01,1.0920133047740246,1.8337931468388786
181,1916-02,0.6056235000701731,2.159893741309136
182,1916-03,-0.736097808218859,5.807065550154342
183,1916-04,0.18516043121294723,8.958172902120385
184,1916-05,0.346862937382302,14.03378222390802
185,1916-06,-1.914639841281097,16.96797317461443
186,1916-07,-1.2133011926254713,19.281043128109342
187,1916-08,0.23409656349246166,17.827193759088182
188,1916-09,-2.4533161458506516,15.309982812517312
189,1916-10,0.7616878680372523,9.102828260995006
190,1916-11,0.28132949692724013,4.985337169739426
191,1916-12,0.9720807855242796,1.624693408024107
192,1917-01,-1.9765400602840784,1.182991673187304
193,1917-02,-2.1340024790413383,1.1447167647556236
194,1917-03,-1.961648340943362,5.155196728040136
195,1917-04,-1.627847975621233,8.311181308954568
196,1917-05,2.8514869291928324,13.229158232097491
197,1917-06,1.7840273909397035,17.215972609060305
198,1917-07,-0.7832987120357588,19.78652451848737
199,1917-08,-0.8358986052388331,18.00041473427109
200,1917-09,1.6320727956208467,15.087927204379152
201,1917-10,-1.3953912159581043,9.588939603054879
202,1917-11,-0.25840474800142904,4.891738081334763
203,1917-12,-3.47715678310533,1.3545761379440395
204,1918-01,0.9859818164979753,-0.01178826811087863
205,1918-02,0.30283174225331516,1.5614539720323992
206,1918-03,-0.6213789208177192,5.414927307914493
207,1918-04,-0.1717366937892562,8.75507002712259
208,1918-05,1.6032616579654244,13.525770600099092
209,1918-06,-1.6307278032554566,17.077394469922123
210,1918-07,-0.2647066934903088,19.03567443542579
211,1918-08,0.8092400376055076,17.858501897878362
212,1918-09,0.1705877782871195,15.226078888379547
213,1918-10,-1.3573407028999285,9.531534251287027
214,1918-11,0.7645523216287229,4.518781011704609
215,1918-12,2.799681364481294,1.5841896032606404
216,1919-01,0.32907338895363414,1.2225395142721731
217,1919-02,0.1178758030131612,1.8321241969868391
218,1919-03,-0.07494930367113513,5.5007557552840405
219,1919-04,-2.4571342993992538,8.937134299399254
220,1919-05,0.4382016040619135,13.252120976583246
221,1919-06,0.8093904544896056,16.793942878843733
222,1919-07,-3.089832051540911,19.37047721283123
223,1919-08,3.0389638265826786,17.69329423793345
224,1919-09,1.3882541091068423,15.371745890893159
225,1919-10,-2.9751162008244156,9.939632329856671
226,1919-11,-1.1144473294886448,4.604447329488645
227,1919-12,2.4312423504298306,0.9010157140862982
228,1920-01,2.6261151619642056,1.19001387029386
229,1920-02,1.0714869818566624,2.3698923284881652
230,1920-03,1.4173079523126446,5.608498499300259
231,1920-04,0.3212653773848733,9.562067955948459
232,1920-05,2.582107243031634,13.975957273097395
233,1920-06,-0.13166463245212973,17.434997965785463
234,1920-07,-0.686254850419723,19.786254850419724
235,1920-08,-0.9602498054857034,18.23766916032441
236,1920-09,0.00544435762757961,15.007888975705752
237,1920-10,0.4545284883566858,9.874503769707827
238,1920-11,-0.36312639159974563,5.043126391599745
239,1920-12,0.2775554243102569,1.7611542531090978
240,1921-01,3.0372813298002588,1.036912218586838
241,1921-02,-0.3290903961819948,2.332661824753423
242,1921-03,0.6959484829691991,5.8846966783211245
243,1921-04,-0.9810004217937836,9.431000421793785
244,1921-05,1.0791006914849623,13.604770276256973
245,1921-06,0.8863394877478608,17.610327178918805
246,1921-07,2.414480029370621,19.62422964804874
247,1921-08,-0.17759884603548248,19.055018200874198
248,1921-09,0.6703785393919284,15.752954793941404
249,1921-10,2.084238425522905,9.954471251896448
250,1921-11,-2.7038461518908044,5.723846151890805
251,1921-12,0.1475227681218379,1.9395740060717108
252,1922-01,0.17101973704449566,0.6644641339232463
253,1922-02,0.3306197866522885,2.276523070490568
254,1922-03,-0.07962867757528103,6.031241580801088
255,1922-04,-1.3889948376828642,9.095661504349529
256,1922-05,2.164158789777632,13.990679919899785
257,1922-06,0.40206141106131743,17.714605255605353
258,1922-07,-1.7876966148196276,19.57156758256156
259,1922-08,-0.8093665111258534,18.699689091771013
260,1922-09,-2.1648659124914347,15.051532579158101
261,1922-10,-0.937615842671746,9.405357778155617
262,1922-11,-1.479914617050651,5.163247950383983
263,1922-12,0.3949520041291999,1.3308544474837036
264,1923-01,0.14536948822668644,0.9320498666120232
265,1923-02,1.9493209276808512,2.1899647866048646
266,1923-03,0.5784061654203472,5.760303511999009
267,1923-04,-0.298127323811112,9.651460657144444
268,1923-05,-0.6219138751323847,14.009010649325933
269,1923-06,-2.4397636477215032,16.893096981054835
270,1923-07,2.486739964520609,19.21971164838262
271,1923-08,1.2427966959167456,18.776558142792933
272,1923-09,-0.8631076096597687,15.623107609659764
273,1923-10,1.851190063895592,10.071390581265696
274,1923-11,-0.5947195400679963,5.2813862067346635
275,1923-12,0.3032560790923239,2.0677116628431604
276,1924-01,-0.6076221282940754,1.1947189024876235
277,1924-02,-1.8465702537986954,1.705190943453868
278,1924-03,-0.06845901287195816,5.545878367710667
279,1924-04,0.7015049577503237,9.155161708916342
280,1924-05,1.3436066523236323,13.837038508966687
281,1924-06,-0.5194810459585091,17.82948104595851
282,1924-07,-0.24211768934790812,19.361472528057586
283,1924-08,-2.8536191323439937,18.44394171298915
284,1924-09,-0.11002656861083943,15.070026568610842
285,1924-10,0.5898746366618846,9.442383427854246
286,1924-11,0.5706152839123666,5.239384716087633
287,1924-12,-0.653105112369303,2.2885889833370454
288,1925-01,2.052316043789256,0.4896194400817113
289,1925-02,1.809964165408337,2.540035834591662
290,1925-03,-2.844512566375661,6.212254501859533
291,1925-04,0.6407629522455476,8.719237047754454
292,1925-05,-0.3668220610597741,13.976499480414613
293,1925-06,0.9160916992094794,17.283908300790515
294,1925-07,-0.9526764291898457,19.494611913060815
295,1925-08,-0.5017501208722168,18.559814637001242
296,1925-09,-1.965578251857502,15.24224491852417
297,1925-10,1.5294172789626514,9.306066592005092
298,1925-11,-1.5379507368598377,5.481284070193171
299,1925-12,0.8766713996166007,1.629780213286625
300,1926-01,0.29333270512429915,0.9066672948757011
301,1926-02,3.6559295911176766,2.1654989803108937
302,1926-03,-0.28984508689454125,6.364038635281637
303,1926-04,1.0461432416212053,9.383856758378792
304,1926-05,-2.425514540147968,14.3351919595028
305,1926-06,-1.8762994700777476,16.752966136744412
306,1926-07,-0.46499595055016324,19.14241530538887
307,1926-08,0.5407534385030903,18.27537559375498
308,1926-09,1.8080106015001152,15.448656065166553
309,1926-10,0.9813489940243236,10.170263909201486
310,1926-11,1.6994856281371231,5.597181038529544
311,1926-12,-2.011133321291676,2.2885526761303856
312,1927-01,1.061911492473087,0.8348627010753003
313,1927-02,-0.2579731436372947,2.140116000780152
314,1927-03,0.6825422408782561,5.7561674365411
315,1927-04,0.8802436577888604,9.526423008877806
316,1927-05,0.904080628229136,14.124951629835378
317,1927-06,-0.3527492393759694,17.622749239375974
318,1927-07,-0.5278763283540531,19.65045697351534
319,1927-08,-0.9629438267787844,18.485524471940074
320,1927-09,-0.5154385360971716,15.365438536097171
321,1927-10,-0.28027962130514483,9.786731234208368
322,1927-11,0.2043382709679325,5.1656617290320685
323,1927-12,-0.06006059636500005,2.1052218866875805
324,1928-01,1.8007970575713714,0.9637190714608872
325,1928-02,1.2562901131726145,2.4471581626894547
326,1928-03,0.5706119066464954,6.200355835288988
327,1928-04,-0.46100492980880253,9.564338263142137
328,1928-05,-1.984387306984679,14.006967952145967
329,1928-06,0.8102791242701826,17.073054209063148
330,1928-07,3.595452641629191,19.549708648693393
331,1928-08,1.5995542011909365,19.477865153647777
332,1928-09,-0.7898118411445283,16.179811841144524
333,1928-10,-0.3060735362101167,9.970589665242375
334,1928-11,1.4184347608150651,5.4382319058516035
335,1928-12,-0.7613365496634521,2.5129494528892584
336,1929-01,-3.4903905375412934,1.058132473025164
337,1929-02,-5.2884271679830395,1.6919985965544688
338,1929-03,0.41143422726494294,4.575662546928608
339,1929-04,-1.2167116143831835,9.030044947716515
340,1929-05,0.37583719946634614,13.779001510211069
341,1929-06,1.2056163360910082,17.20438366390899
342,1929-07,0.7347680462540682,19.57490937310077
343,1929-08,-0.49943501077803343,19.054273720455452
344,1929-09,2.546535814715504,15.156797518617825
345,1929-10,0.5214407971122215,10.407591460952295
346,1929-11,-0.3244676935780373,5.707801026911373
347,1929-12,2.952907076850214,1.9245122779884962
348,1930-01,1.3651246703146345,1.5413269425885916
349,1930-02,-0.690964231006771,2.9516785167210564
350,1930-03,1.0497108785374596,5.5922246053335085
351,1930-04,0.24748678885293668,9.742513211147061
352,1930-05,-1.9464162149176276,14.378674279433756
353,1930-06,2.7205292066935325,16.98613745997313
354,1930-07,-1.82551940910773,20.102938763946444
355,1930-08,-0.11110730970371302,18.856268600026294
356,1930-09,1.0391147434640078,15.234218589869332
357,1930-10,-0.3000545970769932,10.367796532560865
358,1930-11,2.1507236632030775,5.669276336796919
359,1930-12,0.5543648169239455,2.3166029250115385
360,1931-01,0.6921872248358276,1.6045869687125596
361,1931-02,-1.4294790859741657,2.7044790859741656
362,1931-03,-1.3253662020172068,5.422140395565593
363,1931-04,-0.6570070217237822,9.56367368839045
364,1931-05,1.7929191141145115,13.845790563304844
365,1931-06,2.2743514646001626,17.648981868733173
366,1931-07,-2.002333292089176,20.53781716305692
367,1931-08,-1.805669814409405,18.58631497569973
368,1931-09,-3.527232555999986,15.033899222666655
369,1931-10,-0.5246291287322429,9.647209773893533
370,1931-11,2.0505306193080832,4.879469380691916
371,1931-12,-1.553272351619596,2.404885254845403
372,1932-01,0.3280999319298982,1.1589968422636499
373,1932-02,-2.98965783760487,1.9344854238117666
374,1932-03,-1.0082253167196733,5.266289832848706
375,1932-04,-1.2600645613468373,9.236731228013504
376,1932-05,-0.7280347705922869,13.189325093172933
377,1932-06,-0.6269940320714984,17.330327365404834
378,1932-07,-1.0745374437812136,19.210021314748953
379,1932-08,2.7515707706566803,18.125848584182027
380,1932-09,2.2383881003824113,15.93494523295092
381,1932-10,0.3854566937739172,10.4435755642906
382,1932-11,0.6862898532225024,5.343710146777497
383,1932-12,-0.4359419557742871,2.4165871170646103
384,1933-01,-2.077217247365551,0.8127011183332926
385,1933-02,0.7416242156793873,1.801232927177755
386,1933-03,0.21867941240684963,5.755514135980247
387,1933-04,1.425467253023173,9.34119941364349
388,1933-05,-1.2185219425888263,14.24755420065334
389,1933-06,-2.144755383919692,17.208088717253023
390,1933-07,1.5773963522682524,18.964539131602713
391,1933-08,1.4183079535845449,18.862337207705774
392,1933-09,0.4051856580180107,15.728147675315325
393,1933-10,0.46527990663337543,10.15730073852791
394,1933-11,-1.0507568940980898,5.414090227431423
395,1933-12,-3.841352916047599,1.9639335612088895
396,1934-01,0.9087873370584287,0.15250298552221642
397,1934-02,-0.8183040295265966,2.050446886669454
398,1934-03,-0.013430718272467723,5.542462976336984
399,1934-04,1.8909713761450582,9.255695290521606
400,1934-05,1.7379267927837876,14.052395787861377
401,1934-06,0.2840744585102035,17.905925541489793
402,1934-07,1.1953566484279612,19.5691594806043
403,1934-08,-1.171689078756698,18.96201165940186
404,1934-09,1.2810749813150109,15.36225835201832
405,1934-10,0.04272178964987222,10.179858855511418
406,1934-11,-1.2714440070786344,5.361444007078634
407,1934-12,3.2501945834073878,2.072386061753903
408,1935-01,-1.5772859278208686,1.3159956052402235
409,1935-02,1.5490702631444258,2.3652154511412875
410,1935-03,-1.00930519854573,6.002853585642503
411,1935-04,-0.12325883080394567,9.179925497470613
412,1935-05,-1.558023450358113,14.206410547132304
413,1935-06,2.2198459380863893,16.940154061913614
414,1935-07,1.249635352269116,19.863267873537335
415,1935-08,-1.294681070191806,19.385003650836968
416,1935-09,1.0096345794749442,15.167032087191725
417,1935-10,0.20647823789559167,10.219328213717311
418,1935-11,0.6453874092343883,5.7512792574322775
419,1935-12,-0.6048872138419932,2.117790439648445
420,1936-01,4.233956652877456,1.1015272180902862
421,1936-02,-0.5008695148742193,3.2905246872880127
422,1936-03,1.1481558075525644,5.871199031157113
423,1936-04,-1.336659037122415,9.999992370455749
424,1936-05,0.6859602082259031,13.94307204983861
425,1936-06,-0.45824185324278316,17.614908519909452
426,1936-07,-1.6368171656951995,19.762623617308105
427,1936-08,-0.23752473876922936,18.692363448446645
428,1936-09,0.30936077310600796,15.250639226893991
429,1936-10,-3.1807371636162483,10.48396297006786
430,1936-11,1.1418469462826681,4.801486387050665
431,1936-12,0.4342290628903224,2.1528677113032257
432,1937-01,1.5271047590928786,1.3632178215522825
433,1937-02,2.7260978785235723,2.720330692904999
434,1937-03,-1.8876445787291158,6.261838127116213
435,1937-04,-0.11909358424825106,9.779093584248251
436,1937-05,1.5481302937904111,13.758321319112813
437,1937-06,0.6776409698815498,17.83569236345178
438,1937-07,0.2560070638688292,20.23108971032472
439,1937-08,0.5877724425482527,18.863840460677554
440,1937-09,-0.8811183261424114,15.761118326142412
441,1937-10,-0.10135214401072123,10.507803756913946
442,1937-11,-0.0637719141739338,5.133771914173933
443,1937-12,-1.3823311509391047,2.524266634810073
444,1938-01,1.5202848548089891,1.0668119193845595
445,1938-02,-1.0434607902594903,2.393460790259491
446,1938-03,1.7895658216415322,6.04591804932621
447,1938-04,-2.2465543433424164,9.98988767667575
448,1938-05,-1.0349231377815853,13.496213460362231
449,1938-06,0.8050699218534012,17.674930078146602
450,1938-07,-0.8144289974769405,19.498299965218887
451,1938-08,-0.37314302896192414,18.905401093478048
452,1938-09,0.19370116941675442,15.549632163916577
453,1938-10,0.50822884260187,10.078867931591681
454,1938-11,1.5760536855925849,5.6406129810740815
455,1938-12,-2.5883823151361955,2.7593500570716785
456,1939-01,2.8633806041388086,0.5140387506999007
457,1939-02,-0.6134632846846106,3.0706061418274677
458,1939-03,-2.576423235420406,5.844165170904277
459,1939-04,1.4011154178112941,9.142217915522039
460,1939-05,-3.2049290066640843,14.088799974406019
461,1939-06,0.1789318314136506,17.147734835253015
462,1939-07,-0.9201569614041556,19.30080212269448
463,1939-08,-0.21203807964136073,18.753973563512325
464,1939-09,-0.7057097298117634,15.372376396478431
465,1939-10,-0.17742303143933075,9.887100450794168
466,1939-11,2.018842401754542,5.324490931578791
467,1939-12,-1.3394193886656558,2.562000033826946
468,1940-01,-3.606814937127831,0.7810084855149273
469,1940-02,0.6203300277888697,1.703807903245613
470,1940-03,0.5970807137081411,5.399693479840245
471,1940-04,-0.05686862091565781,9.613535287582325
472,1940-05,-0.09236554119890411,13.937526831521481
473,1940-06,-0.34640489613142744,17.1630715627981
474,1940-07,-1.2820909905305533,19.524026474401516
475,1940-08,-0.6471541767717321,18.531025144513666
476,1940-09,0.8245198286812729,14.865480171318728
477,1940-10,-0.351944655935118,10.36162207528995
478,1940-11,1.3594585099060839,5.140541490093917
479,1940-12,-4.214193173096991,2.1722576892260235
480,1941-01,-0.4288912296088172,0.3708267134797853
481,1941-02,0.8581130713137934,1.7347440715433495
482,1941-03,0.6820915204377749,5.4953278344009355
483,1941-04,-1.473729479142742,9.827062812476075
484,1941-05,-2.7014210416193203,13.14980813839351
485,1941-06,0.8393428162621579,16.71732385040451
486,1941-07,1.3046102771921249,19.408292948614328
487,1941-08,-1.038278366444498,18.670536430960624
488,1941-09,-0.5916574219068544,15.118324088573521
489,1941-10,-0.6166939028214191,9.836048741531098
490,1941-11,0.21457785121411033,4.6787554821192225
491,1941-12,-1.0107220802206254,2.1591091769948187
492,1942-01,-2.5986698403797766,0.42770209844429274
493,1942-02,-3.155206194922248,1.4194919092079625
494,1942-03,1.7467050444656833,4.711359471663349
495,1942-04,0.9519415843973298,9.108058415602668
496,1942-05,0.6371816457380479,13.711205451036145
497,1942-06,0.597637402124915,17.41569593120842
498,1942-07,1.0282694940319963,19.04914986080671
499,1942-08,0.9667940002950264,18.952560838414648
500,1942-09,2.278775881951383,15.251224118048622
501,1942-10,1.6878002516141757,10.318651361289051
502,1942-11,-1.2759152043118083,5.695915204311808
503,1942-12,-0.5496716466551874,1.875478098268091
504,1943-01,1.3289381067300259,0.4807393126248125
505,1943-02,0.8998304263420174,2.603741002229411
506,1943-03,1.5371745563416335,5.659599637206754
507,1943-04,1.3023455800103438,9.700987753322993
508,1943-05,0.8969290877020266,14.235328976814102
509,1943-06,-0.5064622881551488,17.576462288155145
510,1943-07,0.5834732479710656,19.416526752028936
511,1943-08,1.5854311414609183,19.08876240692618
512,1943-09,0.8438843014103226,15.46944903192301
513,1943-10,1.7223507557810587,10.648616986154426
514,1943-11,-0.9383806312845724,5.748380631284572
515,1943-12,0.32991572040429124,2.124922989273128
516,1944-01,0.6534889415061036,1.223930413332606
517,1944-02,-2.7841821508288116,2.5531476680701912
518,1944-03,-1.3096595874605852,5.270949910041231
519,1944-04,2.3430206511646685,9.240312682168668
520,1944-05,0.5740564159967427,14.125943584003254
521,1944-06,-0.4465144087950743,17.853181075461737
522,1944-07,0.18373273954333622,19.53239629271473
523,1944-08,3.882841185085639,18.862320105236943
524,1944-09,-1.1778935230288583,16.287893523028856
525,1944-10,-1.2697214829122287,10.385850515170292
526,1944-11,0.5672521460714968,5.096081187261835
527,1944-12,-0.9942449973254801,2.3942449973254796
528,1945-01,-3.9991440839322916,1.0604344065129365
529,1945-02,2.991433757657867,1.504994813770704
530,1945-03,1.0993939982962748,6.100606001703725
531,1945-04,2.1712291069672265,10.008770893032773
532,1945-05,1.4820121386128655,14.430891087193585
533,1945-06,2.5644336059099953,17.905566394090002
534,1945-07,1.1959432722947854,20.55244382447941
535,1945-08,-0.6525411593170667,19.33963793351062
536,1945-09,1.0821438952078901,15.691189438125447
537,1945-10,-0.034237095893381086,10.74391451524822
538,1945-11,-1.3207720367886246,5.670772036788627
539,1945-12,0.07338998513612022,2.2911261438961374
540,1946-01,-1.5107601945331837,1.3107601945331835
541,1946-02,3.09711051492503,2.2493180565035424
542,1946-03,0.41375540042333925,6.618502664092789
543,1946-04,2.3401514016945066,9.983181931638828
544,1946-05,0.034022715988956564,14.798235348527172
545,1946-06,-0.6310646929175321,17.87439802625087
546,1946-07,0.907089792977489,19.99936181992574
547,1946-08,-0.31345730850572107,19.24894117947346
548,1946-09,-0.10856513430295567,15.89523180096962
549,1946-10,-0.8703756734114205,10.544569221798518
550,1946-11,-0.3940643069505095,5.587397640283842
551,1946-12,-1.687653212319348,2.436040309093542
552,1947-01,-2.2371941177629555,1.117839279053278
553,1947-02,-1.2980049406954688,2.0158620835526113
554,1947-03,1.009883330860352,5.722374733655776
555,1947-04,2.9881163783554747,9.741883621644522
556,1947-05,1.2641454211630394,14.79391909496599
557,1947-06,1.3736279155393774,18.129705417793957
558,1947-07,1.2085651986007722,20.284983188496
559,1947-08,2.2443059515881174,19.494403725831233
560,1947-09,1.4914094317626472,16.418590568237356
561,1947-10,-0.01224923680602763,11.018700849709253
562,1947-11,1.4043624252051856,6.092304241461481
563,1947-12,-0.28227723278921046,2.9113094908537267
564,1948-01,2.412616888873492,1.716415369191024
565,1948-02,-0.47557605638295253,3.337645021900194
566,1948-03,3.002402539769549,6.426629718294968
567,1948-04,-0.5300631496107251,10.676729816277394
568,1948-05,0.32198020654420767,14.64898753539128
569,1948-06,-1.763117513058592,18.159784179725257
570,1948-07,-2.685461138925431,19.901590171183493
571,1948-08,-0.2597791465626395,18.953327533659415
572,1948-09,-1.0746830160718983,15.638016349405229
573,1948-10,0.47201949235416074,10.602174056032936
574,1948-11,-0.5868256260298046,5.950158959363138
575,1948-12,-1.0364212077808064,2.484808304555
576,1949-01,0.17286915710883288,1.4626147138589087
577,1949-02,-0.46393082392836144,2.706787966785505
578,1949-03,-2.118463712880232,6.11523790642862
579,1949-04,2.8277209129965657,9.605612420336769
580,1949-05,-2.1937958950003775,14.590570088548764
581,1949-06,0.08521697111947907,17.641449695547188
582,1949-07,1.6129329185663965,19.99674450078844
583,1949-08,1.2078006843155513,19.31477996084574
584,1949-09,2.1555784027826435,16.41442159721736
585,1949-10,0.7437886171406383,11.065888802214198
586,1949-11,-0.879978366556847,6.1266450332235145
587,1949-12,1.5054253696645872,2.7881230174321883
588,1950-01,-0.9764115370984415,1.7215728274210227
589,1950-02,1.483578980853183,2.780706733432532
590,1950-03,-0.25711687266892036,6.760342679120533
591,1950-04,-1.4028999105763835,9.79956657724305
592,1950-05,1.034022986363093,14.42726733621755
593,1950-06,2.1371769464404684,17.966156386892866
594,1950-07,1.7706680784308932,20.57126740544007
595,1950-08,-0.515839715485434,20.073904231614463
596,1950-09,-0.4680130545781265,15.951346387911459
597,1950-10,-0.4117127076931242,10.702035288338287
598,1950-11,0.6668145925809428,6.146518740752391
599,1950-12,-2.4935115670375643,2.6773825347795
600,1951-01,1.3383118697578298,1.3874945818550732
601,1951-02,0.570833217514612,3.0577382110568174
602,1951-03,-0.9357727554028095,6.40351469088668
603,1951-04,-0.10190852452196464,10.108575191188633
604,1951-05,-1.1358487484119453,14.31971971615388
605,1951-06,-0.3780328730347694,17.671366206368102
606,1951-07,-0.2694581699210903,20.20494204088883
607,1951-08,0.1293321933935847,19.10937748402577
608,1951-09,0.4012507776965528,15.955415888970112
609,1951-10,-0.44750632687334657,10.931377294615283
610,1951-11,1.2007465454156327,5.7259201212510344
611,1951-12,-1.646010593222846,2.9363331738680074
612,1952-01,-0.878182871812377,1.468505452457539
613,1952-02,-1.9857601697224772,2.4098981007569598
614,1952-03,1.7507316616260726,5.887978015793282
615,1952-04,1.5546879710299233,10.168645362303408
616,1952-05,0.8912287271050936,14.573287401927164
617,1952-06,1.5834605471531638,18.319872786180166
618,1952-07,3.0527305719824493,20.38597910543691
619,1952-08,-0.04383637949967478,20.069642831112574
620,1952-09,-3.129778092671223,16.30311142600456
621,1952-10,0.47855065932126034,10.205320308420674
622,1952-11,-1.176262762604611,5.839596095937944
623,1952-12,-0.14787965525746993,2.696266752031664
624,1953-01,-2.184405664512986,1.4134379225775022
625,1953-02,-1.6438237146854895,2.3831094289712036
626,1953-03,0.7920009850995269,5.966063531029506
627,1953-04,1.1160743773496065,9.740592289317057
628,1953-05,1.4513212605034702,14.674485191109433
629,1953-06,-1.7326145614287574,18.24594789476209
630,1953-07,0.8315403646296313,19.671685441821978
631,1953-08,0.06819002102698146,19.522132559618182
632,1953-09,0.9425999974430428,15.840733335890292
633,1953-10,1.283143796209599,10.87492071991943
634,1953-11,-1.696165456525271,6.269498789858606
635,1953-12,1.2276125398068274,2.417548750515753
636,1954-01,-1.6966186491272168,1.6708121975143133
637,1954-02,-1.43696638594107,2.6726806716553555
638,1954-03,1.2182349781443298,5.843055344436316
639,1954-04,-1.5879920701353045,9.95132540346864
640,1954-05,-0.8621722586413874,14.262172258641385
641,1954-06,1.32350650375868,17.41316016290799
642,1954-07,-1.8605242206612245,20.134717769048322
643,1954-08,-0.9983433265641029,19.198343326564103
644,1954-09,1.1946371766833828,15.19202948998328
645,1954-10,0.056703249024340874,10.794909654201467
646,1954-11,1.0437342918936332,6.066265708106366
647,1954-12,1.8139150982652714,2.4215687727024706
648,1955-01,0.8679730416104039,2.051381797099272
649,1955-02,-0.43225400823882776,3.1715397225245416
650,1955-03,-1.3676722470138722,5.912833537336454
651,1955-04,1.0253680813545867,9.87129858531208
652,1955-05,-0.2415753719285001,14.40931730741237
653,1955-06,0.15864269834534528,17.618023968321317
654,1955-07,-0.32575581393126796,20.345110652640944
655,1955-08,0.1426922047736685,19.063759408129563
656,1955-09,-0.22356401747718002,15.736897350810514
657,1955-10,-1.022012258508224,10.873625161734033
658,1955-11,-0.6186449415376207,5.441978274870953
659,1955-12,2.9972738970575565,2.360790619071475
660,1956-01,1.6119064463393105,2.2235774246284326
661,1956-02,-9.151290416002437,3.0306007608300236
662,1956-03,1.1238188866503311,4.731019823027087
663,1956-04,-0.9163284338031876,9.39966176713652
664,1956-05,1.400972064225056,13.869995677710431
665,1956-06,-1.6609736644527904,18.157640331119453
666,1956-07,0.21560997627797668,19.252131959205894
667,1956-08,-2.006432275085368,19.248367758956334
668,1956-09,1.3751248209289204,15.201541845737747
669,1956-10,-1.504590260243605,10.482009615082314
670,1956-11,-1.3062966504973264,5.469629983830659
671,1956-12,0.6259865448979862,2.122400551876207
672,1957-01,-1.1392837415992292,0.9457353545024549
673,1957-02,3.1412421664889365,2.6837578335110646
674,1957-03,2.840070900828932,6.195412970138809
675,1957-04,-0.451975123403068,10.371975123403072
676,1957-05,-2.520609789984591,14.449642048049107
677,1957-06,0.42839809887742525,16.914935234455903
678,1957-07,-0.26010108142898436,19.73752043626769
679,1957-08,-1.3653667266853058,19.371818339588533
680,1957-09,0.2928559391592356,14.860477394174099
681,1957-10,-0.8780347449030623,10.64577668038693
682,1957-11,0.8968069854293794,5.519859681237289
683,1957-12,-0.2062986821634742,2.190169649905411
684,1958-01,0.0830642992724332,1.4491937652436961
685,1958-02,2.7346095423169507,2.6332476005401912
686,1958-03,-2.4557518360737935,6.104138932847986
687,1958-04,-2.3642004420327627,9.827533775366096
688,1958-05,2.5359653783592426,13.235002363576239
689,1958-06,-1.1398375696108758,17.689837569610873
690,1958-07,-0.49967753829091405,20.109354957645753
691,1958-08,0.7280826274583218,18.600949630606195
692,1958-09,2.1301275304436764,15.39653913622299
693,1958-10,-1.94479144077092,11.477049505287052
694,1958-11,0.662923792231453,4.827076207768548
695,1958-12,1.8320346739332336,2.5357072615506375
696,1959-01,0.4595474486430604,1.9049686803891974
697,1959-02,0.14989536439267398,2.4679617784644687
698,1959-03,2.0142372881718646,6.163182066666845
699,1959-04,-0.04028110639308591,10.390281106393084
700,1959-05,1.033325856404446,13.831190272627813
701,1959-06,-0.12907220040264744,18.27240553373598
702,1959-07,1.886515160575347,19.855420323295622
703,1959-08,-0.5198005179389102,19.490768259874397
704,1959-09,1.38399061845315,15.862676048213519
705,1959-10,-0.5787363790163422,10.969058959661504
706,1959-11,-1.3015558528572573,5.53488918619059
707,1959-12,1.55656026181953,2.711181673664343
708,1960-01,0.22179722041374267,1.3459447150701283
709,1960-02,1.0730711699263358,3.0579633128322854
710,1960-03,0.9496138055908556,6.476192646022048
711,1960-04,0.09268034716017076,10.003986319506499
712,1960-05,1.152922392941193,14.463206639316871
713,1960-06,0.6591110084486105,18.23088899155139
714,1960-07,-2.0196343114825863,19.987376246966463
715,1960-08,-1.3451249161168917,19.416092658052378
716,1960-09,-1.5161741840007306,15.179507517334063
717,1960-10,-0.3948444866485112,10.401296099551736
718,1960-11,1.7670092676809364,5.789657398985732
719,1960-12,-0.19879740689423037,2.70847482624907
720,1961-01,1.029227733556938,1.5772238793462883
721,1961-02,2.5988443065418894,3.1832985506009672
722,1961-03,1.4774802204061495,6.403164940884173
723,1961-04,1.7485342337093583,10.76813243295731
724,1961-05,-1.291950336172744,14.68227291681791
725,1961-06,0.548324508672857,17.73834215799381
726,1961-07,-1.659781034198732,20.40816813097293
727,1961-08,-0.5193387770773461,19.096758131916058
728,1961-09,3.305885519439303,15.540781147227367
729,1961-10,-0.05082214198887036,11.705660851666293
730,1961-11,-0.39894748743334496,6.008947487433344
731,1961-12,1.059339435880473,2.7600154028292057
732,1962-01,0.9230701687447431,1.9285427344810628
733,1962-02,-1.8767478324638862,3.2196049753210296
734,1962-03,-3.34709433401226,6.043868527560647
735,1962-04,-0.6156339472562011,9.4556339472562
736,1962-05,-2.089576102848457,13.84764061897749
737,1962-06,-1.6334425860584199,17.556775919391754
738,1962-07,-1.569908129657378,19.534424258689633
739,1962-08,1.2781618822521248,18.776676827425295
740,1962-09,-0.8582697414585543,15.858269741458557
741,1962-10,-0.42137996948342793,10.592347711418912
742,1962-11,-2.503955735392007,5.50728906872534
743,1962-12,-3.305512783960191,2.073254719444062
744,1963-01,-4.8450871444255394,0.5483129508771531
745,1963-02,-4.0137452467913874,1.2994595325056726
746,1963-03,-0.6658877995740695,4.798145864090198
747,1963-04,0.6770801584041817,8.956253174929149
748,1963-05,-1.3609973310170411,13.719061847146078
749,1963-06,-1.211827311840697,17.1118273118407
750,1963-07,0.32712139398295137,19.00513667053318
751,1963-08,-2.3144776274706067,18.71770343392222
752,1963-09,-0.09486598220735698,14.744865982207358
753,1963-10,-0.7070825115580386,9.839340576074168
754,1963-11,2.5434083769439724,5.046591623056029
755,1963-12,-3.451524194040975,2.4515241940409753
756,1964-01,-1.8201542979142447,0.22015429791424457
757,1964-02,1.5741192564861757,1.6810531573069285
758,1964-03,-1.0948015988653472,5.488349985962121
759,1964-04,0.4951198232928918,9.184880176707107
760,1964-05,0.8423674484766404,13.447955132168524
761,1964-06,0.26384130903839875,17.219492024294933
762,1964-07,0.7087021160413391,19.530007561378014
763,1964-08,-0.7744140858886106,18.706672150404742
764,1964-09,0.3042199665428815,14.875780033457117
765,1964-10,-1.3333940893027512,10.297910218335005
766,1964-11,1.004594672095947,4.725405327904053
767,1964-12,-1.717597253867489,2.124048866770715
768,1965-01,0.0544472164082308,0.6036172997208014
769,1965-02,-2.8889081183540797,1.9246224040683653
770,1965-03,-0.740516103233338,4.879225780652693
771,1965-04,-1.317567361059021,8.984234027725687
772,1965-05,-0.3229249023902401,12.826150708841855
773,1965-06,-0.41414264619743263,17.074142646197433
774,1965-07,-1.7477678723394179,18.91228400137167
775,1965-08,-1.4890682799998418,18.105197312257907
776,1965-09,-1.9181754455445612,14.428175445544555
777,1965-10,0.418165952825414,9.404414692335875
778,1965-11,0.5112647665740251,4.692068566759309
779,1965-12,1.3732416099432547,1.8977261319922283
780,1966-01,-0.942119039650976,0.7292158138445244
781,1966-02,3.5948765532372438,1.8086948753341838
782,1966-03,-1.501625318377963,5.885496286119897
783,1966-04,1.2989705956431665,8.977696071023502
784,1966-05,0.12107775686693717,13.511180307649191
785,1966-06,0.7632061295860955,17.03346053708057
786,1966-07,-2.061990871187271,19.432958613122754
787,1966-08,-0.9575328873294107,18.093016758297154
788,1966-09,1.365245779219171,14.568087554114161
789,1966-10,2.1683222074126416,10.1671616635551
790,1966-11,-2.484724665502935,5.491391332169601
791,1966-12,0.855877435483744,1.4570257903227073
792,1967-01,-0.01638752804435789,0.7841294635282288
793,1967-02,0.948455784188778,1.9658299300969362
794,1967-03,0.9632961212394127,5.691542588438008
795,1967-04,-1.285140401171178,9.251807067837845
796,1967-05,-1.0878759942438876,13.378198574889048
797,1967-06,-0.9916618646354458,16.711661864635445
798,1967-07,1.1961782792262943,18.958660430451125
799,1967-08,-0.7561135971793002,18.7303071455664
800,1967-09,-0.6342474411084018,14.817580774441733
801,1967-10,2.115625301827162,9.806955343334133
802,1967-11,-0.33082977503366856,5.464163108367003
803,1967-12,-2.0480840224977013,1.8674388612073782
804,1968-01,-1.0197603303385463,0.429437749693385
805,1968-02,1.1047509469025105,1.5986973289595585
806,1968-03,-0.13644181113302795,5.591280520810448
807,1968-04,0.6791052279793153,9.124228105354021
808,1968-05,-1.465446272941639,13.510607563264221
809,1968-06,-0.47935775212180487,16.766024418788472
810,1968-07,-0.8877507830095865,19.120008847525717
811,1968-08,-2.158489327465179,18.16816674682002
812,1968-09,-1.0053897870270478,14.528723120360386
813,1968-10,2.3070529185858266,9.496172887865786
814,1968-11,-0.5367275252963941,5.330060858629728
815,1968-12,-0.28044073488285187,1.806247186495755
816,1969-01,0.6945561645453273,0.598992222551447
817,1969-02,-2.1280243212837506,1.9208814641408933
818,1969-03,-0.11268692653487933,5.196557894276814
819,1969-04,-0.015247951885294597,8.661914618551961
820,1969-05,0.2650168035768654,13.34788642222959
821,1969-06,-2.8111873654102912,17.051187365410293
822,1969-07,0.8206362171423665,18.45355733124474
823,1969-08,-0.7575451492280154,18.418835471808656
824,1969-09,0.5433675412914378,14.746632458708563
825,1969-10,0.5286517449522994,9.79392890020899
826,1969-11,0.5126635400759028,5.114003126590764
827,1969-12,-3.512306381824654,1.8768225108569123
828,1970-01,0.3955074928607869,-0.09550749286078675
829,1970-02,0.9648419913614015,1.7637294372100272
830,1970-03,-2.811776017720611,5.418227630623836
831,1970-04,-1.8583099417930902,8.491643275126425
832,1970-05,-0.4887809397110787,12.60813577842076
833,1970-06,1.059236386978834,16.557430279687832
834,1970-07,-0.6022805960604682,19.173248337995954
835,1970-08,0.3022430073841993,18.15904731519645
836,1970-09,0.6398610345326115,14.69013896546739
837,1970-10,-1.062587915791211,9.94968468998476
838,1970-11,1.6015362869066012,4.655130379760064
839,1970-12,-0.7039389449562634,1.8039389449562633
840,1971-01,-1.857399527837587,0.5767543665472645
841,1971-02,0.34423815630161125,1.3914761294126745
842,1971-03,-3.678243416754823,5.029856319980629
843,1971-04,2.778592873913139,8.321407126086863
844,1971-05,0.6669473660076373,13.304020375927848
845,1971-06,-1.7235088931841296,16.956842226517466
846,1971-07,1.3373256519222554,18.959448541626127
847,1971-08,1.8626053290876596,18.105136606396208
848,1971-09,-1.0629625393502942,15.286295872683628
849,1971-10,0.43180787452454505,9.877869544830295
850,1971-11,-0.9931659790938137,4.603165979093814
851,1971-12,-0.4695816409823377,1.6824848667887895
852,1972-01,0.5906165694173457,0.5319640757439448
853,1972-02,1.8271051465506332,1.5177224396562627
854,1972-03,0.15763677448467556,6.0101051609991964
855,1972-04,-0.48224885549636953,8.965582188829702
856,1972-05,-0.5074650537958303,13.049400537666793
857,1972-06,-1.73863178878909,17.02196512212242
858,1972-07,-0.2946739360063726,18.617254581167664
859,1972-08,-0.4932108917444251,18.080307665937973
860,1972-09,-3.0227502186459834,14.906083551979318
861,1972-10,-0.7347594483132467,8.986372351539053
862,1972-11,1.735345483872811,4.531321182793856
863,1972-12,-0.7719050781140679,1.9493244329527772
864,1973-01,-0.1210224319443316,0.37586114162175094
865,1973-02,-0.5230069967152442,1.6587212824295305
866,1973-03,-1.161870679527236,5.194128744043365
867,1973-04,-1.8976939696509574,8.461027302984292
868,1973-05,1.152787422395044,12.731083545346893
869,1973-06,0.2425315099767471,16.804135156689917
870,1973-07,-0.71768839152099,18.998333552811314
871,1973-08,1.3030385189453084,18.18405825524824
872,1973-09,0.6336955829493389,14.77630441705066
873,1973-10,-1.4203605176814298,9.981650840262073
874,1973-11,-0.6339324846396817,4.700599151306348
875,1973-12,-0.4017863056532651,1.205012112104878
876,1974-01,2.7014618138123434,0.5114414119941082
877,1974-02,2.2168016204219576,2.2296269510066136
878,1974-03,1.5733748510154608,5.691141278016795
879,1974-04,-0.5979870445962332,9.557987044596235
880,1974-05,-1.00442706209014,13.20442706209014
881,1974-06,-1.4703836210329941,16.653716954366324
882,1974-07,-0.7155460170474732,18.92522343640231
883,1974-08,0.8132493001629366,18.08352489338545
884,1974-09,-0.6931198911639602,14.839786557830628
885,1974-10,-4.443905083698089,9.960034115956152
886,1974-11,1.3694095647992628,3.9039237685340726
887,1974-12,2.1091266014986134,1.5682927533400965
888,1975-01,2.3535034800855015,1.1658513586241757
889,1975-02,-0.1643513421732447,2.346494199316102
890,1975-03,-0.8789012428684913,5.3466431783523625
891,1975-04,-0.2126170859100034,9.052617085910004
892,1975-05,-0.21456800023860567,12.99521316152893
893,1975-06,-1.7020635234709767,16.932063523470976
894,1975-07,0.21252981854433917,18.864889536294374
895,1975-08,0.37168848537788035,18.202505063009216
896,1975-09,0.9546833814737687,14.905316618526227
897,1975-10,-2.0400161681807605,10.25937100689044
898,1975-11,1.5900328122897347,4.419967187710265
899,1975-12,-0.7604252810625987,2.076554313320663
900,1976-01,0.3674229545333433,0.5745125293376245
901,1976-02,-0.2756852159624823,1.9136162504452412
902,1976-03,-0.847120101974904,5.285829779394259
903,1976-04,-0.3255155749127212,8.962182241579386
904,1976-05,1.4742315913045754,12.941897440953486
905,1976-06,2.1111843459960338,17.345482320670634
906,1976-07,0.8710402437648863,19.57734685300931
907,1976-08,-1.682333263036822,18.833946166262628
908,1976-09,-1.7364353870989453,14.653102053765613
909,1976-10,0.849744212260443,9.676062239352461
910,1976-11,0.43795079786375046,4.975382535469585
911,1976-12,-1.2703123322359984,2.10579620320374
912,1977-01,1.1953099652074288,0.42081906705063576
913,1977-02,3.2937968811723835,2.1562031188276167
914,1977-03,1.3292578987584782,6.154613068983457
915,1977-04,-1.5382102177740737,9.68487688444074
916,1977-05,-1.1620365498318015,13.158810743380188
917,1977-06,-1.4975296741547266,16.94086300748806
918,1977-07,-0.6657201274097189,18.859268514506496
919,1977-08,-1.6152703757532472,18.447528440269373
920,1977-09,-0.8670446586910086,14.490377992024344
921,1977-10,1.0286437637755566,9.864904623321214
922,1977-11,0.2959781177458687,5.09402188225413
923,1977-12,0.4569729862052735,2.0398012073431144
924,1978-01,0.3589207972975905,0.8055953317346678
925,1978-02,-0.20684104631070377,2.174698189167847
926,1978-03,0.33113325775102154,5.420479645474785
927,1978-04,-1.4784604904451613,9.235127157111828
928,1978-05,-1.0311739869504815,13.066657857918225
929,1978-06,-1.1465480995653057,16.836548099565302
930,1978-07,-1.2278315918813354,18.818154172526498
931,1978-08,-1.7714584189328486,18.3359745479651
932,1978-09,-0.05375103953842575,14.283751039538425
933,1978-10,-1.316652565215861,9.91665256521586
934,1978-11,-0.9716238872795213,4.674957220612855
935,1978-12,1.7635981882624077,1.4460792310924313
936,1979-01,-1.880776231862234,0.8098084899267504
937,1979-02,2.2587217837971494,1.7841353590599942
938,1979-03,0.7462402344813832,5.421501701002486
939,1979-04,-1.8910028143141289,9.351002814314128
940,1979-05,-0.30840847238138713,13.043892343349132
941,1979-06,0.4724103583980228,16.52758964160197
942,1979-07,-0.22164379818439506,19.305514765926333
943,1979-08,-1.5404068184538025,18.543632624905417
944,1979-09,0.7864677833341427,14.170198883332523
945,1979-10,0.5258133210206462,10.287089904785805
946,1979-11,-0.47517154980621923,5.03517154980622
947,1979-12,1.8083028057424115,1.5658907426446855
948,1980-01,-0.3963305365737108,1.1705240849608076
949,1980-02,2.3894147868053714,1.9519645235394565
950,1980-03,-0.24912493310835576,5.703963642785775
951,1980-04,-1.8975984432075887,9.410931776540922
952,1980-05,-1.3424650538741265,12.884400537745096
953,1980-06,-1.8414964569923085,16.528163123658977
954,1980-07,-2.5500668136698383,18.950066813669835
955,1980-08,1.0776854780570775,17.712637102588086
956,1980-09,0.7221094755753064,14.701223857758023
957,1980-10,-1.5822262920989985,10.366097259840938
958,1980-11,-0.7499710107564457,4.526637677423111
959,1980-12,-1.6854999666302837,1.411306418243187
960,1981-01,-1.1447442402740358,0.4544216596288744
961,1981-02,-1.733825842426924,1.2945401281412097
962,1981-03,3.1154510846521255,4.791000528251102
963,1981-04,0.9806376513644803,9.502695681968852
964,1981-05,-0.7815863936800846,13.262231554970409
965,1981-06,-0.43229523163447725,16.90896189830115
966,1981-07,-1.6286361918053673,18.88992651438601
967,1981-08,0.5363977657662564,17.982957072943424
968,1981-09,0.47892003363680224,14.75441329969653
969,1981-10,0.04877423476635778,9.986709636201383
970,1981-11,-0.5140892942450479,4.9140892942450485
971,1981-12,0.3575264660827002,1.6295703081108484
972,1982-01,2.4138526711160573,0.5990505546903946
973,1982-02,0.002849356399368619,2.3685792150292038
974,1982-03,-0.4884618436542747,5.494913456557501
975,1982-04,-0.06841650077351424,8.908416500773516
976,1982-05,0.18758415387952954,13.173706168701116
977,1982-06,0.2903515142059072,17.03964848579409
978,1982-07,1.1078372222274306,19.13732406809515
979,1982-08,-0.8399955145361758,18.78515680485876
980,1982-09,1.277425923259452,14.745907410073878
981,1982-10,-0.5100633409844364,10.251998824855402
982,1982-11,1.0985053168513275,5.06816134981534
983,1982-12,1.6469487205643452,2.085309343951784
984,1983-01,0.9793226734744984,1.081967649106146
985,1983-02,-2.1973419879121043,2.550913416483533
986,1983-03,0.8871555072103467,5.058005783112234
987,1983-04,-0.3571033981425069,9.25043673147584
988,1983-05,-2.2640004445416175,13.431742380025488
989,1983-06,1.0261529056128598,16.64384709438714
990,1983-07,3.4803816751507632,19.19381187323633
991,1983-08,-0.19487176336432793,19.569065311751427
992,1983-09,0.866123076227671,15.040543590438999
993,1983-10,-0.018493217266627726,10.45397708823437
994,1983-11,-0.20939283473891535,5.382726168072248
995,1983-12,0.1540272955646797,2.02339205927403
996,1984-01,0.8994413068128879,0.8876554673806607
997,1984-02,-1.1366826668954322,2.626337839309225
998,1984-03,-1.8409461406917706,5.308688076175642
999,1984-04,-0.6859962637323689,8.995996263732367
1000,1984-05,-2.864585500276136,13.225875822856782
1001,1984-06,-0.47448576841582324,16.54448576841582
1002,1984-07,0.5542469633852576,19.010269165647003
1003,1984-08,-0.41456187960649654,18.78230381509037
1004,1984-09,-0.9035986694910871,14.780265336157752
1005,1984-10,0.53779767502083,10.065428131430783
1006,1984-11,1.303425670989802,5.139907662343532
1007,1984-12,0.6025625959441643,2.220018049217126
1008,1985-01,-4.498832198494306,1.0827031662362407
1009,1985-02,-1.2677466024095077,1.3427466024095074
1010,1985-03,-1.7860193487445544,4.853761284228425
1011,1985-04,0.6324245106789548,8.75090882265438
1012,1985-05,-0.8681896073492545,13.248834768639576
1013,1985-06,-1.4080233773654094,16.70135671069874
1014,1985-07,1.3657944039285257,18.963237854135993
1015,1985-08,-0.30827725411876994,18.563115963796193
1016,1985-09,1.5846074477687266,14.772059218897938
1017,1985-10,0.7484006618712205,10.487083209096523
1018,1985-11,-2.218795709488668,5.142129042822001
1019,1985-12,1.1394048781374917,1.5734983476689604
1020,1986-01,0.658382848283867,0.8448429581677459
1021,1986-02,-3.944733248914258,2.1268761060571153
1022,1986-03,-0.19097255848063965,4.849037074609672
1023,1986-04,-1.7097582035068288,8.643091536840164
1024,1986-05,2.5502046222468975,12.84656957130149
1025,1986-06,-0.2523780580517671,17.439044724718432
1026,1986-07,0.8042112667520298,18.992562926796353
1027,1986-08,-0.4477463613141155,18.873552812927016
1028,1986-09,0.7936269682549086,14.659706365078423
1029,1986-10,1.597288503943514,10.238195367024227
1030,1986-11,-0.4873775757931926,5.480710909126524
1031,1986-12,0.4419508109117929,1.893533060055949
1032,1987-01,-2.6699642679337856,0.789319106643463
1033,1987-02,0.5975981437243394,1.7524018562756598
1034,1987-03,-1.6932647886643317,5.244877691890139
1035,1987-04,1.0847648792228417,8.845235120777158
1036,1987-05,-2.4056767540235797,13.463741270152614
1037,1987-06,-1.117982668256457,16.41798266825646
1038,1987-07,0.47870505335112745,18.93419817245532
1039,1987-08,0.3260170160716045,18.48043459683162
1040,1987-09,2.7434115667531795,14.793255099913486
1041,1987-10,0.860447326342078,10.723423641399856
1042,1987-11,0.8389417969147566,5.387724869751909
1043,1987-12,1.2049724134349205,2.095027586565079
1044,1988-01,3.0960479289262426,1.220081103331823
1045,1988-02,-0.1600663192409823,2.815238733034086
1046,1988-03,-0.6506279562758108,5.763531182082262
1047,1988-04,0.08643067519071645,9.276902658142617
1048,1988-05,0.569640304101388,13.378746792672807
1049,1988-06,-0.5429250892323688,17.42292508923237
1050,1988-07,-0.5071114680503743,19.378079209985852
1051,1988-08,0.8680715845234777,18.638380028379746
1052,1988-09,-0.22691559258291566,15.223582259249582
1053,1988-10,1.1068433554985977,10.447995354178826
1054,1988-11,-0.81048603047621,5.467152697142876
1055,1988-12,0.8089868877737376,2.084561499323038
1056,1989-01,0.2979087884197506,1.2053170180318626
1057,1989-02,0.7329820141722587,2.3420179858277415
1058,1989-03,2.040344399900814,5.988687858163702
1059,1989-04,-1.6968758959312247,9.823542562597893
1060,1989-05,1.8094958384529274,13.448568677676104
1061,1989-06,-0.3373539864632992,17.65068731979663
1062,1989-07,1.3602327246026746,19.59460598507475
1063,1989-08,0.5929348651349091,19.33609739292961
1064,1989-09,0.3896974931558071,15.340302506844193
1065,1989-10,0.3570760495331655,10.839698144015221
1066,1989-11,-1.3212109327843575,5.6278775994510255
1067,1989-12,1.8213927828618028,2.0882846364930354
1068,1990-01,-0.024446062251969047,1.5825105783810014
1069,1990-02,4.212050832795223,2.641520595776206
1070,1990-03,0.9498280640402872,6.727591290798425
1071,1990-04,-1.8344533730405426,10.20112003970721
1072,1990-05,2.0828512996978277,13.67843902288282
1073,1990-06,-1.1828150103978803,17.786148343731213
1074,1990-07,0.03175159695296742,19.96502259659542
1075,1990-08,1.1294941907491927,19.157602583444362
1076,1990-09,-0.2173998943789554,15.514066561045619
1077,1990-10,0.906950586878486,11.183371993766675
1078,1990-11,-0.09861854241012197,5.7586185424101215
1079,1990-12,-1.2127992535257577,2.535379898687048
1080,1991-01,1.0102858432691475,1.5574560922147231
1081,1991-02,-2.435814972920819,2.5643864014922477
1082,1991-03,2.023654405071226,5.798926240090065
1083,1991-04,-1.7303522393734967,10.207018906040165
1084,1991-05,-2.041510795392804,13.383446279263772
1085,1991-06,-0.8536670567939455,17.463667056793945
1086,1991-07,1.7764485092555349,19.41064826493802
1087,1991-08,1.9216352422625258,19.388042177092313
1088,1991-09,1.788570306535603,16.071429693464392
1089,1991-10,-1.4172234491085136,11.233352481366579
1090,1991-11,0.1344205154610159,5.555579484538985
1091,1991-12,-1.2538065668236893,2.737677534565625
1092,1992-01,-0.6863119873827117,1.0346990841569053
1093,1992-02,0.23582708939380687,2.6641729106061924
1094,1992-03,0.8157111050520328,6.03267599172216
1095,1992-04,0.19080247937727074,9.922530853956065
1096,1992-05,1.6043234123080663,14.027934652208065
1097,1992-06,-1.4551802162090366,18.05518021620904
1098,1992-07,0.5305642671918096,19.64040347474367
1099,1992-08,2.5209488127715303,19.501631832389762
1100,1992-09,-0.13520313351474272,15.838536466848074
1101,1992-10,-1.7879118714742195,11.281460258570995
1102,1992-11,1.8050109934868668,5.438322339846465
1103,1992-12,-0.1885512729430136,2.807906111652692
1104,1993-01,1.587651322960705,1.760735773813488
1105,1993-02,-2.297753054470562,3.15132448304199
1106,1993-03,-0.26185030082163174,5.668301913724856
1107,1993-04,0.5684018064240721,10.071598193575927
1108,1993-05,1.004699621893964,13.763042313589905
1109,1993-06,-0.24785228392142128,18.194518950588087
1110,1993-07,-1.2236225683360984,20.023622568336094
1111,1993-08,0.7756840296969929,19.082380486432037
1112,1993-09,-1.617098947049419,15.637098947049418
1113,1993-10,-1.7056512857609476,10.915328705115785
1114,1993-11,-1.202913600181272,5.142913600181272
1115,1993-12,2.249510021347048,2.4246835270400493
1116,1994-01,1.696944739058672,1.8062810673929415
1117,1994-02,0.7540967267302026,3.163760416126939
1118,1994-03,3.617767498306701,6.488684114596529
1119,1994-04,-2.509338840645812,10.706005507312478
1120,1994-05,1.0440185693276745,13.720497559704583
1121,1994-06,-0.10293662460340941,18.11960329127007
1122,1994-07,2.726961704965996,19.882715714388837
1123,1994-08,0.8650896916309947,20.25426514707868
1124,1994-09,-0.779433955713434,15.859433955713431
1125,1994-10,-0.03985127593615634,11.226948050129703
1126,1994-11,2.860185382329179,5.903147951004154
1127,1994-12,1.3476928478837225,3.4652103779227295
1128,1995-01,-0.394882508489363,2.1787534762312983
1129,1995-02,2.7067317624238845,3.2754110947189714
1130,1995-03,-1.633211951665756,6.759018403278659
1131,1995-04,-0.2296333085823179,10.372966641915651
1132,1995-05,-0.33396189968834056,14.024284480333503
1133,1995-06,-1.681882171329168,18.001882171329168
1134,1995-07,2.0812728050375626,20.099372356252758
1135,1995-08,-0.29941863202905883,19.85103153525486
1136,1995-09,-2.407183224917708,15.837183224917709
1137,1995-10,2.762592292040289,11.147085127314552
1138,1995-11,-0.46474553806991653,6.088078871403249
1139,1995-12,-0.7856354645857468,3.3082161097470366
1140,1996-01,1.0112936372004095,1.7370934595737841
1141,1996-02,-1.43491028917795,2.9624964960745013
1142,1996-03,-1.8115120810579104,6.579254016541781
1143,1996-04,0.37824589706081185,9.721754102939189
1144,1996-05,-0.0692946110206197,13.817681707794812
1145,1996-06,-0.06526205308846178,18.515262053088456
1146,1996-07,-1.0805355852766207,19.867632359470168
1147,1996-08,-1.0875832848333955,19.332744575155974
1148,1996-09,-2.9971917791863256,15.787191779186323
1149,1996-10,0.45813901088934217,10.228957763304205
1150,1996-11,-0.034438824830964554,5.867772158164297
1151,1996-12,-0.7423577262917838,3.0100996617756546
1152,1997-01,-0.4849838299430212,1.1720806041365697
1153,1997-02,2.2649748912373804,2.8993108230483333
1154,1997-03,1.1207560710223803,6.74698586446149
1155,1997-04,-0.3930839760341726,10.116417309367508
1156,1997-05,0.24520252144048188,14.290281349527262
1157,1997-06,-1.0093239670286631,17.912657300361996
1158,1997-07,-1.5346442217813718,19.792708737910402
1159,1997-08,1.4779081446943372,19.38660798433792
1160,1997-09,1.1047939348456504,15.631872731821018
1161,1997-10,-0.6794414887521592,11.443957617784417
1162,1997-11,0.03917186432014333,6.104161469013189
1163,1997-12,1.0767408110446466,2.487775317987611
1164,1998-01,1.1286503056353043,2.06489808146147
1165,1998-02,0.6479859374473294,3.369871205409814
1166,1998-03,0.7819023422085329,6.301968625533403
1167,1998-04,-1.1902148036182778,10.536881470284943
1168,1998-05,1.8079728605106877,13.985575526586087
1169,1998-06,0.266367438207694,18.08696589512564
1170,1998-07,0.4934942232440873,20.625860615465587
1171,1998-08,0.33263372088978055,19.702850150077968
1172,1998-09,-0.7948800765320274,15.711546743198692
1173,1998-10,-0.2476611333437877,11.525080488182496
1174,1998-11,-2.421434871899158,5.791434871899158
1175,1998-12,-0.9627701383203593,2.4047056221913277
1176,1999-01,0.9230078038570426,1.6995728413042477
1177,1999-02,-1.0840631263451317,2.830491697773703
1178,1999-03,0.7923840680865939,6.326970770623085
1179,1999-04,-0.5448115109822476,10.28147817764891
1180,1999-05,2.912406085428822,13.761787462958269
1181,1999-06,-1.6718001051255988,18.751800105125596
1182,1999-07,0.9817604261193087,19.982755702912947
1183,1999-08,0.3313427981794376,19.58156042762701
1184,1999-09,2.2075465670216556,15.995786766311678
1185,1999-10,-0.414702860968166,11.782444796452037
1186,1999-11,-1.5097663774233394,5.956433044090006
1187,1999-12,0.5750080137755023,2.9346694055793368
1188,2000-01,-0.3150436924062315,1.6376243375675215
1189,2000-02,1.7887712663172028,3.135366664717279
1190,2000-03,0.2780776962693021,6.850954561795212
1191,2000-04,0.5415545546066822,10.241778778726648
1192,2000-05,2.1083064707081123,14.42395159380802
1193,2000-06,1.2211415875218512,18.62885841247815
1194,2000-07,-2.056773084225639,20.5729021164837
1195,2000-08,1.0540606211501653,19.662068411107903
1196,2000-09,0.9585387669500407,15.868127899716628
1197,2000-10,0.44694800262079903,11.707890707056617
1198,2000-11,0.771529423192084,6.54180391014125
1199,2000-12,2.2210411443534612,3.0983136943562153
1200,2001-01,0.7561199469093334,2.6019445692196994
1201,2001-02,0.9678487620666896,3.732151237933312
1202,2001-03,2.037495707206139,6.752826873439021
1203,2001-04,-2.688492667063673,11.09515933373034
1204,2001-05,2.125836992343101,14.18061462056012
1205,2001-06,-1.3409182076860444,18.430918207686044
1206,2001-07,-0.5270983267552245,20.598066068690713
1207,2001-08,0.281983112329694,19.86962979089612
1208,2001-09,-3.006608730115898,15.773275396782568
1209,2001-10,2.593165921061464,11.458446982164345
1210,2001-11,-2.1712082184898733,6.431208218489875
1211,2001-12,-1.3151502716178336,2.831279303875898
1212,2002-01,-0.5735065251659823,2.0509258800046917
1213,2002-02,3.5717982855286254,2.688916000185659
1214,2002-03,0.12981729881090565,7.437924636672965
1215,2002-04,-0.5592429013962399,10.829242901396242
1216,2002-05,-0.6837626684002329,13.999891700658297
1217,2002-06,2.088990440312046,18.314342893021283
1218,2002-07,-1.2599310624100968,20.985737514023
1219,2002-08,-1.0911664336159221,19.446005143293338
1220,2002-09,-1.353984647394079,16.090651314060754
1221,2002-10,0.32129930348989816,11.072249083606877
1222,2002-11,1.5823104397639365,6.197689560236062
1223,2002-12,2.0402043610874703,3.5985053163318845
1224,2003-01,-0.9217606915090557,2.486276820541314
1225,2003-02,-2.889284640940759,3.1928560695121875
1226,2003-03,1.5514875672551562,6.348512432744844
1227,2003-04,0.5201117868175906,10.216554879849076
1228,2003-05,1.0879751381512053,14.731379700558474
1229,2003-06,5.484088185685028,18.562578480981635
1230,2003-07,0.9697923613612238,21.4108527999291
1231,2003-08,3.121492954669842,20.76560381952371
1232,2003-09,-1.2710506938406183,16.91105069384062
1233,2003-10,-2.8463267071820044,11.491487997504583
1234,2003-11,-0.5112835825905988,6.471283582590597
1235,2003-12,0.4052453906794811,2.6850771899656807
1236,2004-01,0.23436142849845987,2.4430579263402494
1237,2004-02,-0.36081379223489707,3.729779309476276
1238,2004-03,-1.1346355935522565,6.521732367745805
1239,2004-04,-0.009818691582822392,10.433152024916156
1240,2004-05,-0.7431858790165236,14.668992330629433
1241,2004-06,0.9721349575262059,17.83119837580713
1242,2004-07,-1.0419813200855272,21.12262648137585
1243,2004-08,0.4019966423047905,19.698003357695203
1244,2004-09,0.3835596829322931,16.033106983734374
1245,2004-10,1.622653485740224,11.932185223937196
1246,2004-11,-0.8803202414356879,6.803653574769022
1247,2004-12,-0.12901328088033442,2.970948764751302
1248,2005-01,-1.2502191625045893,2.5663481947626536
1249,2005-02,-2.2800964096267147,2.833667838198143
1250,2005-03,0.3351681916901795,6.432573743793692
1251,2005-04,0.14380140170216665,10.379531931631167
1252,2005-05,0.9388557704819289,14.380499068227747
1253,2005-06,2.0332166572301293,18.483450009436538
1254,2005-07,-0.24525271034083684,21.12912367808277
1255,2005-08,-1.2233429576994426,19.800762312538158
1256,2005-09,0.7764246850007823,16.12024198166588
1257,2005-10,0.14050752178921805,11.543363445952718
1258,2005-11,-1.7584000634420118,6.598400063442011
1259,2005-12,-2.4523011574553264,2.8974624477779067
1260,2006-01,-1.282502633913176,1.5599219887518856
1261,2006-02,-1.4108514772838519,2.817994334426709
1262,2006-03,-1.3834219069683142,6.451163842452185
1263,2006-04,0.4764464042837538,9.700220262382913
1264,2006-05,0.10996258495968608,14.402940640846767
1265,2006-06,1.4589702410278322,18.087696425638832
1266,2006-07,3.0716133145564832,20.638064104798357
1267,2006-08,-3.579315321076998,20.398670159786676
1268,2006-09,2.341830115267522,15.611503218065808
1269,2006-10,2.1041378350868336,11.495862164913168
1270,2006-11,0.6591120943891535,7.004221238944179
1271,2006-12,-0.08713508709250162,3.4387479903183076
1272,2007-01,2.322148938702913,1.9617220290390236
1273,2007-02,1.6683516023028726,3.942362683411413
1274,2007-03,-0.5842691516955878,7.287494958147204
1275,2007-04,4.02786686377027,10.302133136229731
1276,2007-05,-0.20101385553164586,15.488110629725194
1277,2007-06,0.013390510161744196,18.576609489838248
1278,2007-07,-1.8534073458077007,20.721149281291574
1279,2007-08,-1.070505148788644,19.74469869717574
1280,2007-09,-1.2985212877805241,15.971854621113858
1281,2007-10,-0.45416834531386824,11.225136087249352
1282,2007-11,-2.346802483450659,6.526802483450659
1283,2007-12,-0.29798603870285517,2.5657279741867267
1284,2008-01,1.7327939328699657,2.022044776807453
1285,2008-02,0.3087178235127819,3.6085235557975635
1286,2008-03,-0.9235061069712451,6.955764171487373
1287,2008-04,-0.9946726114189122,10.161339278085576
1288,2008-05,1.441203666577288,14.326538268906587
1289,2008-06,0.19426043792647946,18.329072895406853
1290,2008-07,-0.8150590302857788,20.7698977399632
1291,2008-08,-0.41903691229357404,19.712585299390348
1292,2008-09,-1.7826712842896035,15.896004617622939
1293,2008-10,-0.04298291287725958,11.223628074167578
1294,2008-11,-0.03547177802932111,6.292138444695987
1295,2008-12,-1.2758553046247927,2.8984359497860828
1296,2009-01,-2.3004954724656823,2.0553341821431017
1297,2009-02,-0.7194054565483579,2.497976885119786
1298,2009-03,-0.03904366615410132,6.348721085508939
1299,2009-04,2.2064713385865535,10.18686199474678
1300,2009-05,2.3676755383024357,14.596840590729819
1301,2009-06,-0.3969462390877687,18.616946239087763
1302,2009-07,-0.22377734678435013,20.717325733881122
1303,2009-08,1.7336202402651975,19.479282985541257
1304,2009-09,0.14040268100490905,16.43959731899509
1305,2009-10,-1.0578262160957619,11.693310087063502
1306,2009-11,1.7104600594015371,6.0862066072651295
1307,2009-12,-1.0383114471999149,3.357666285909592
1308,2010-01,-2.5823027524137356,2.1984317846718002
1309,2010-02,-0.4850016701277479,2.4814302415563194
1310,2010-03,-0.9282671048818896,6.512138072623826
1311,2010-04,0.98117703551166,10.062156297821671
1312,2010-05,-1.2687782449675042,14.304262115935249
1313,2010-06,-0.2699235322959536,17.91325686562929
1314,2010-07,1.7560362527953806,20.37622181172075
1315,2010-08,-1.038334945286052,19.757689783995733
1316,2010-09,-1.6953155384184744,16.068648871751808
1317,2010-10,-0.8166486886808537,10.903745462874403
1318,2010-11,0.3812543366617372,5.8954123300049295
1319,2010-12,-2.8075453760012445,3.0817389243883415
1320,2011-01,1.1811907891477664,1.3478414689167495
1321,2011-02,0.15326159803939204,2.9503098305320363
1322,2011-03,0.45641391701430284,6.788747373308277
1323,2011-04,3.1144682229652965,10.058865110368034
1324,2011-05,1.5103446442497204,14.741268258976088
1325,2011-06,-0.9048123615977806,18.718145694931113
1326,2011-07,-2.396551372704591,20.1997771791562
1327,2011-08,1.0869300782481772,19.155005405622788
1328,2011-09,1.0928772209937208,16.127122779006275
1329,2011-10,-0.4553434747862916,11.46179508768952
1330,2011-11,0.1433213052420806,6.376678694757921
1331,2011-12,1.2059082160945163,2.952156300034516
1332,2012-01,0.7295867331131762,2.1897681055965004
1333,2012-02,-5.555270530189722,3.4828567370862724
1334,2012-03,2.9678294938402,5.603138248095285
1335,2012-04,-0.03898538868483542,10.252318722018169
1336,2012-05,0.5554258979358457,14.554251521418994
1337,2012-06,0.9073935535917361,18.159273113074928
1338,2012-07,-0.5465121050362078,20.336834685681367
1339,2012-08,0.6542481298934812,20.032848644300074
1340,2012-09,-0.22244734004346317,15.769114006710126
1341,2012-10,-0.18465406559835304,11.404008904308034
1342,2012-11,0.5139716444465368,6.52269502222013
1343,2012-12,0.16932349722376355,2.785515212453656
1344,2013-01,-0.898209929860692,2.201435736312305
1345,2013-02,-2.823870379655605,3.206013236798462
1346,2013-03,-1.4852451385601564,5.669116106302093
1347,2013-04,0.32085702799119914,9.932476305342135
1348,2013-05,-2.605182202334042,14.121311234592104
1349,2013-06,-0.2989332110742604,17.26226654440759
1350,2013-07,1.2885423329015908,20.21145766709841
1351,2013-08,0.3324368507010163,19.664337342847375
1352,2013-09,0.13902182456577378,15.780978175434226
1353,2013-10,1.2901203232956158,11.50665387025277
1354,2013-11,-0.3459123409920927,6.245912340992095
1355,2013-12,-1.3617914982618842,2.903726982132852
1356,2014-01,2.3628237131004206,1.7436278998028052
1357,2014-02,1.5858644117467724,3.199849873967513
1358,2014-03,0.7068085965620774,7.077062371179859
1359,2014-04,1.3612728101892029,10.4687271898108
1360,2014-05,-0.7717102975882342,14.310419975007589
1361,2014-06,0.8893022974870848,18.257364369179577
1362,2014-07,-2.0687447397782175,20.471970546229826
1363,2014-08,-1.277166060590993,19.251359608978095
1364,2014-09,0.9504439286627235,15.746222738003945
1365,2014-10,2.3964553961744515,11.297092990922323
1366,2014-11,1.4051170716119856,6.811549595054681
1367,2014-12,0.7246252662486226,3.536665056332022
1368,2015-01,0.45615766795297824,2.1373907191437964
1369,2015-02,-1.804961692242085,3.469247406527799
1370,2015-03,0.8462908693003683,6.48274138876415
1371,2015-04,1.0367486516403233,10.136584681693012
1372,2015-05,0.5660784209995948,14.740373191903629
1373,2015-06,1.5392762912990583,18.364057042034272
1374,2015-07,3.532518037981013,20.664256155567376
1375,2015-08,-0.06890272733392888,20.885031759591996
1376,2015-09,-1.5152498210262237,16.27191648769289
1377,2015-10,-1.232267991956551,11.32904218550494
1378,2015-11,0.7426485566243008,6.367351443375698
1379,2015-12,0.745246755403415,3.1741080833062627
1380,2016-01,1.7853488202732144,2.3759415023074304
1381,2016-02,1.0364937930162046,3.942816551811382
1382,2016-03,-1.2957360888557448,7.018316734017035
1383,2016-04,-0.44115507031366435,10.421155070313663
1384,2016-05,-1.0918049201765392,14.401482339531379
1385,2016-06,-0.2856183180323672,17.975618318032367
1386,2016-07,0.1921618481539954,20.630418797007298
1387,2016-08,0.47066225716563,19.932563549285984
1388,2016-09,2.3800500266795726,16.11994997332043
1389,2016-10,-2.3995293073876702,12.318884146097346
1390,2016-11,-0.012331167955320577,6.185664501288654
1391,2016-12,-1.7023444503379586,3.053957353563765
1392,2017-01,-2.9221653039075157,1.9899072393913864
1393,2017-02,2.078301578598526,2.7145555642586165
1394,2017-03,1.958725602079788,6.773532462436341
1395,2017-04,-0.5917689999384697,11.065102333271803
1396,2017-05,0.6888638850124715,14.356297405310112
1397,2017-06,2.637653752965646,18.23234624703435
1398,2017-07,0.010357286149589973,21.354158842882672
1399,2017-08,1.048141798201781,20.106696911475634
1400,2017-09,-2.1706969019550026,16.220696901955005
1401,2017-10,0.11402720514642489,11.653714730337448
1402,2017-11,-0.605867050742843,6.332533717409508
1403,2017-12,-0.5742526025661565,3.0290913122435756
1404,2018-01,3.5991212147982248,2.3976529787501626
1405,2018-02,-2.556171698115319,3.777600269543891
1406,2018-03,-1.39159031300146,6.717396764614362
1407,2018-04,3.054729965253504,10.211936701413164
1408,2018-05,0.8915536994990416,14.595543074694506
1409,2018-06,0.6067531193552915,19.04324688064471
1410,2018-07,1.4713395734661976,20.799628168469283
1411,2018-08,1.5567124731272506,20.123932688163066
1412,2018-09,0.9149939401483331,17.028339393185
1413,2018-10,0.32359696244834946,11.950596585938747
1414,2018-11,0.17738563285255782,6.742614367147443
1415,2018-12,1.0237715988857636,3.834292917243267
1416,2019-01,-0.627592603889181,2.408237765179504
1417,2019-02,0.22997282509396433,3.6450271749060352
1418,2019-03,0.8596960857522811,7.298368430376753
1419,2019-04,-0.27597507976978636,10.539308413103118
1420,2019-05,-2.5380078069728844,14.931556194069657
1421,2019-06,1.8425121587584492,18.070821174574885
1422,2019-07,1.8809450469325555,20.764216243390024
1423,2019-08,-0.3105597872564869,20.936366238869393
1424,2019-09,0.8485835392370997,16.3714164607629
1425,2019-10,1.2821608994988392,11.875903616630193
1426,2019-11,-1.1532607931961016,7.48992745986277
1427,2019-12,1.7320324059015157,3.190548239259775
1428,2020-01,0.40817025537920526,2.736991034943375
1429,2020-02,2.892374294090934,4.197280878322857
1430,2020-03,-0.17867262850802113,7.575446822056409
1431,2020-04,2.041443823271731,10.921889510061602
1432,2020-05,0.021378582769022048,15.607653675295493
1433,2020-06,-0.5447850924342097,18.471451759100876
1434,2020-07,0.8709867225678765,21.280626180657922
1435,2020-08,0.6290464317859903,20.551598729504327
1436,2020-09,0.7449698319450342,16.5683635013883
1437,2020-10,-2.3218864290571246,12.58640255808938
1438,2020-11,0.1989963069486827,6.63433702638465
1439,2020-12,0.5891788441268802,3.3366276074860233
1440,2021-01,-0.8398585419082818,3.168890799972798
1441,2021-02,1.9914970488317418,3.5549315225968288
1442,2021-03,-0.830032215247684,7.523580602344457
1443,2021-04,-1.6556150052188918,11.098948338552225
1444,2021-05,-2.1562546439900525,14.417544966570697
1445,2021-06,1.8349788400092317,18.02168782665743
1446,2021-07,-2.0249702036699126,21.576583106895722
1447,2021-08,-3.9178086936701315,19.71780869367013
